  -5.000  -0.3427   0.00631   0.00161  -0.0428  0.6971  0.0317  -2.5064   0.0000   0.1173
  -4.750  -0.3144   0.00622   0.00151  -0.0428  0.6801  0.0348  -2.3469   0.0000   0.1060
  -4.500  -0.2862   0.00620   0.00143  -0.0428  0.6589  0.0361  -2.1904   0.0000   0.0924
  -4.250  -0.2576   0.00616   0.00136  -0.0429  0.6430  0.0387  -2.0371   0.0000   0.0754
  -4.000  -0.2294   0.00610   0.00128  -0.0429  0.6232  0.0438  -1.8887   0.0000   0.0547
  -3.750  -0.2009   0.00605   0.00122  -0.0430  0.6094  0.0467  -1.7427   0.0000   0.0275
  -3.500  -0.1723   0.00602   0.00116  -0.0430  0.5924  0.0509  -1.6004   0.0000  -0.0089
  -3.250  -0.1442   0.00598   0.00109  -0.0430  0.5722  0.0582  -1.4783   0.0000  -0.0584
  -3.000  -0.1155   0.00595   0.00104  -0.0431  0.5563  0.0641  -1.3641   0.0000  -0.1341
  -2.750  -0.0873   0.00592   0.00099  -0.0431  0.5356  0.0711  -1.2532   0.0000  -0.2574
  -2.500  -0.0586   0.00589   0.00095  -0.0432  0.5233  0.0778  -1.1441   0.0000  -0.5046
  -2.250  -0.0302   0.00586   0.00091  -0.0433  0.5053  0.0860  -1.0382   0.0000  -1.2128
  -2.000  -0.0018   0.00586   0.00088  -0.0433  0.4870  0.0959  -0.9350   0.0000  -23.9612
  -1.750   0.0268   0.00582   0.00084  -0.0434  0.4730  0.1085  -0.8493   0.0000   1.8931
  -1.500   0.0551   0.00581   0.00082  -0.0435  0.4553  0.1195  -0.7658   0.0000   1.0471
  -1.250   0.0838   0.00577   0.00079  -0.0436  0.4443  0.1346  -0.6835   0.0000   0.7740
  -1.000   0.1120   0.00577   0.00079  -0.0436  0.4250  0.1507  -0.6069   0.0000   0.6410
  -0.750   0.1407   0.00571   0.00077  -0.0437  0.4169  0.1706  -0.5474   0.0000   0.5612
  -0.500   0.1691   0.00572   0.00077  -0.0438  0.4027  0.1867  -0.5705   0.0000   0.5085
  -0.250   0.1977   0.00566   0.00076  -0.0439  0.3922  0.2119  -0.5938   0.0000   0.4710
   0.000   0.2262   0.00563   0.00076  -0.0440  0.3829  0.2362  -0.6190   0.0000   0.4429
   0.250   0.2546   0.00561   0.00076  -0.0441  0.3691  0.2626  -0.6442   0.0000   0.4212
   0.750   0.3110   0.00536   0.00076  -0.0442  0.3573  0.3727  -0.6961   0.0000   0.3897
   1.000   0.3389   0.00526   0.00078  -0.0443  0.3465  0.4344  -0.7233   0.0000   0.3778
   1.250   0.3674   0.00518   0.00079  -0.0444  0.3404  0.4725  -0.7512   0.0000   0.3677
   1.500   0.3960   0.00513   0.00082  -0.0445  0.3366  0.5103  -0.7812   0.0000   0.3591
   1.750   0.4243   0.00510   0.00085  -0.0446  0.3294  0.5478  -0.8114   0.0000   0.3516
   2.000   0.4525   0.00507   0.00088  -0.0447  0.3192  0.5868  -0.8433   0.0000   0.3449
   2.250   0.4812   0.00503   0.00092  -0.0448  0.3148  0.6182  -0.8766   0.0000   0.3391
   2.500   0.5098   0.00500   0.00095  -0.0449  0.3115  0.6507  -0.9126   0.0000   0.3339
   2.750   0.5378   0.00502   0.00101  -0.0449  0.3002  0.6850  -0.9501   0.0000   0.3292
   3.000   0.5659   0.00501   0.00106  -0.0450  0.2893  0.7247  -0.9910   0.0000   0.3249
   3.250   0.5938   0.00502   0.00112  -0.0450  0.2796  0.7616  -1.0363   0.0000   0.3209
   3.500   0.6214   0.00506   0.00119  -0.0449  0.2647  0.7976  -1.0883   0.0000   0.3173
   3.750   0.6485   0.00512   0.00128  -0.0447  0.2497  0.8381  -1.1488   0.0000   0.3138
   4.000   0.6758   0.00515   0.00137  -0.0446  0.2374  0.8742  -1.2182   0.0000   0.3106
   4.250   0.7016   0.00525   0.00149  -0.0441  0.2181  0.9146  -1.2919   0.0000   0.3073
   4.500   0.7275   0.00537   0.00161  -0.0436  0.2048  0.9428  -1.3766   0.0000   0.3042
   4.750   0.7529   0.00555   0.00174  -0.0431  0.1853  0.9597  -1.4629   0.0000   0.3012
   5.000   0.7791   0.00574   0.00186  -0.0427  0.1681  0.9693  -1.5622   0.0000   0.2985
   5.250   0.8052   0.00593   0.00199  -0.0424  0.1521  0.9784  -1.6669   0.0000   0.2961
   5.500   0.8320   0.00621   0.00216  -0.0422  0.1298  0.9849  -1.7747   0.0000   0.2940
   5.750   0.8598   0.00644   0.00232  -0.0423  0.1142  0.9904  -1.8867   0.0000   0.2921
   6.250   0.9192   0.00692   0.00265  -0.0433  0.0865  0.9955  -2.1665   0.0000   0.2896
   6.500   0.9497   0.00718   0.00283  -0.0440  0.0751  0.9971  -2.3124   0.0000   0.2886
   6.750   0.9798   0.00744   0.00302  -0.0447  0.0644  0.9983  -2.4606   0.0000   0.2875
   7.000   1.0100   0.00768   0.00320  -0.0453  0.0556  0.9994  -2.6124   0.0000   0.2865
   7.250   1.0388   0.00792   0.00338  -0.0457  0.0471  1.0000  -2.7633   0.0000   0.2853
   7.500   1.0632   0.00810   0.00354  -0.0450  0.0446  1.0000  -2.9275   0.0000   0.2834
   7.750   1.0874   0.00834   0.00374  -0.0443  0.0391  1.0000  -3.0975   0.0000   0.2815
   8.000   1.1130   0.00852   0.00390  -0.0439  0.0358  1.0000  -3.2758   0.0000   0.2799
   8.250   1.1385   0.00873   0.00408  -0.0436  0.0333  1.0000  -3.4576   0.0000   0.2784
   8.500   1.1638   0.00898   0.00429  -0.0432  0.0294  1.0000  -3.6416   0.0000   0.2769
   8.750   1.1898   0.00917   0.00447  -0.0429  0.0268  1.0000  -3.8321   0.0000   0.2755
   9.000   1.2157   0.00937   0.00466  -0.0427  0.0257  1.0000  -4.0266   0.0000   0.2742
   9.250   1.2410   0.00963   0.00489  -0.0423  0.0236  1.0000  -4.2210   0.0000   0.2728
   9.500   1.2661   0.00991   0.00514  -0.0419  0.0204  1.0000  -4.4181   0.0000   0.2715
   9.750   1.2918   0.01012   0.00534  -0.0417  0.0188  1.0000  -4.6217   0.0000   0.2703
  10.000   1.3175   0.01033   0.00555  -0.0414  0.0185  1.0000  -4.8298   0.0000   0.2691
  10.250   1.3428   0.01057   0.00578  -0.0411  0.0178  1.0000  -5.0401   0.0000   0.2679
  10.500   1.3674   0.01085   0.00604  -0.0407  0.0166  1.0000  -5.2510   0.0000   0.2667
  10.750   1.3916   0.01117   0.00633  -0.0402  0.0149  1.0000  -5.4618   0.0000   0.2654
  11.000   1.4158   0.01147   0.00662  -0.0397  0.0129  1.0000  -5.6859   0.0000   0.2642
  11.250   1.4402   0.01174   0.00690  -0.0393  0.0121  1.0000  -5.9385   0.0000   0.2630
  11.500   1.4647   0.01199   0.00715  -0.0389  0.0121  1.0000  -6.1983   0.0000   0.2619
  11.750   1.4890   0.01225   0.00741  -0.0384  0.0120  1.0000  -6.4615   0.0000   0.2607
  12.000   1.5130   0.01251   0.00768  -0.0380  0.0119  1.0000  -6.7278   0.0000   0.2596
  12.250   1.5366   0.01280   0.00796  -0.0374  0.0118  1.0000  -6.9966   0.0000   0.2584
  12.500   1.5597   0.01310   0.00826  -0.0369  0.0115  1.0000  -7.2672   0.0000   0.2573
  12.750   1.5822   0.01343   0.00860  -0.0362  0.0111  1.0000  -7.5389   0.0000   0.2560
  13.000   1.6035   0.01383   0.00899  -0.0353  0.0103  1.0000  -7.8074   0.0000   0.2548
  13.250   1.6237   0.01428   0.00943  -0.0343  0.0093  1.0000  -8.0716   0.0000   0.2534
  13.500   1.6415   0.01486   0.01002  -0.0329  0.0069  1.0000  -8.3096   0.0000   0.2519
  13.750   1.6620   0.01523   0.01040  -0.0319  0.0069  1.0000  -8.5844   0.0000   0.2506
  14.000   1.6814   0.01561   0.01080  -0.0308  0.0069  1.0000  -8.8573   0.0000   0.2492
  14.250   1.6989   0.01600   0.01120  -0.0293  0.0069  1.0000  -9.1220   0.0000   0.2477
  14.500   1.7143   0.01642   0.01164  -0.0275  0.0068  1.0000  -9.3782   0.0000   0.2460
  14.750   1.7297   0.01687   0.01211  -0.0257  0.0068  1.0000  -9.6363   0.0000   0.2444
  15.000   1.7446   0.01735   0.01262  -0.0240  0.0068  1.0000  -9.8947   0.0000   0.2428


