  -5.000   0.1009   0.00665   0.00188  -0.1223  0.8780  0.0976  -1.3293   0.0000   1.4839
  -4.750   0.1298   0.00650   0.00178  -0.1224  0.8768  0.1089  -1.2193   0.0000   1.2097
  -4.500   0.1586   0.00634   0.00169  -0.1226  0.8752  0.1235  -1.1118   0.0000   1.0354
  -4.250   0.1874   0.00619   0.00159  -0.1227  0.8730  0.1385  -1.0069   0.0000   0.9147
  -4.000   0.2162   0.00603   0.00150  -0.1229  0.8698  0.1561  -0.9047   0.0000   0.8261
  -3.750   0.2449   0.00587   0.00140  -0.1230  0.8659  0.1766  -0.8183   0.0000   0.7584
  -3.500   0.2736   0.00572   0.00131  -0.1231  0.8615  0.1997  -0.7354   0.0000   0.7050
  -3.250   0.3024   0.00561   0.00123  -0.1232  0.8561  0.2242  -0.6544   0.0000   0.6616
  -3.000   0.3310   0.00543   0.00117  -0.1234  0.8524  0.2582  -0.5890   0.0000   0.6260
  -2.750   0.3596   0.00522   0.00110  -0.1235  0.8460  0.3009  -0.6114   0.0000   0.5962
  -2.500   0.3873   0.00493   0.00098  -0.1235  0.8245  0.3761  -0.6339   0.0000   0.5710
  -2.250   0.4036   0.00527   0.00100  -0.1209  0.7099  0.4366  -0.6515   0.0000   0.5513
  -2.000   0.4272   0.00542   0.00110  -0.1200  0.6673  0.4777  -0.6731   0.0000   0.5322
  -1.750   0.4512   0.00557   0.00118  -0.1192  0.6298  0.5148  -0.6949   0.0000   0.5150
  -1.500   0.4761   0.00571   0.00126  -0.1186  0.5972  0.5448  -0.7175   0.0000   0.4995
  -1.250   0.5017   0.00581   0.00133  -0.1181  0.5709  0.5725  -0.7422   0.0000   0.4854
  -1.000   0.5276   0.00593   0.00140  -0.1176  0.5453  0.5962  -0.7672   0.0000   0.4726
  -0.750   0.5535   0.00604   0.00147  -0.1171  0.5210  0.6204  -0.7923   0.0000   0.4611
  -0.500   0.5796   0.00616   0.00155  -0.1167  0.4992  0.6396  -0.8193   0.0000   0.4505
  -0.250   0.6055   0.00631   0.00164  -0.1163  0.4765  0.6570  -0.8466   0.0000   0.4409
   0.000   0.6318   0.00642   0.00173  -0.1159  0.4584  0.6763  -0.8749   0.0000   0.4320
   0.250   0.6585   0.00654   0.00181  -0.1156  0.4421  0.6897  -0.9052   0.0000   0.4238
   0.500   0.6845   0.00669   0.00192  -0.1151  0.4235  0.7059  -0.9356   0.0000   0.4162
   0.750   0.7117   0.00680   0.00200  -0.1149  0.4123  0.7165  -0.9691   0.0000   0.4093
   1.000   0.7378   0.00696   0.00212  -0.1145  0.3964  0.7298  -1.0035   0.0000   0.4027
   1.250   0.7650   0.00706   0.00221  -0.1142  0.3873  0.7398  -1.0413   0.0000   0.3967
   1.500   0.7914   0.00722   0.00232  -0.1139  0.3755  0.7488  -1.0822   0.0000   0.3910
   1.750   0.8180   0.00736   0.00245  -0.1135  0.3644  0.7591  -1.1290   0.0000   0.3856
   2.000   0.8449   0.00750   0.00256  -0.1133  0.3558  0.7655  -1.1855   0.0000   0.3806
   2.250   0.8711   0.00769   0.00270  -0.1129  0.3427  0.7691  -1.2510   0.0000   0.3759
   2.500   0.8982   0.00781   0.00280  -0.1126  0.3356  0.7716  -1.3278   0.0000   0.3715
   2.750   0.9246   0.00795   0.00290  -0.1123  0.3259  0.7761  -1.4118   0.0000   0.3673
   3.000   0.9506   0.00811   0.00303  -0.1119  0.3136  0.7802  -1.5003   0.0000   0.3633
   3.250   0.9774   0.00822   0.00313  -0.1116  0.3062  0.7837  -1.6001   0.0000   0.3595
   3.500   1.0027   0.00845   0.00327  -0.1111  0.2898  0.7873  -1.7046   0.0000   0.3559
   3.750   1.0290   0.00860   0.00340  -0.1107  0.2796  0.7909  -1.8131   0.0000   0.3524
   4.000   1.0538   0.00886   0.00358  -0.1101  0.2598  0.7940  -1.9199   0.0000   0.3491
   4.250   1.0783   0.00915   0.00377  -0.1095  0.2397  0.7965  -2.0445   0.0000   0.3458
   4.500   1.1026   0.00947   0.00398  -0.1088  0.2201  0.7984  -2.1735   0.0000   0.3427
   4.750   1.1263   0.00983   0.00422  -0.1080  0.1968  0.7998  -2.3032   0.0000   0.3396
   5.000   1.1494   0.01022   0.00448  -0.1072  0.1719  0.8020  -2.4337   0.0000   0.3367
   5.250   1.1725   0.01059   0.00475  -0.1063  0.1499  0.8061  -2.5666   0.0000   0.3339
   5.500   1.1954   0.01097   0.00503  -0.1055  0.1298  0.8102  -2.7013   0.0000   0.3311
   5.750   1.2181   0.01136   0.00532  -0.1045  0.1116  0.8136  -2.8377   0.0000   0.3284
   6.000   1.2407   0.01175   0.00564  -0.1036  0.0959  0.8166  -2.9993   0.0000   0.3258
   6.250   1.2633   0.01213   0.00595  -0.1027  0.0824  0.8193  -3.1650   0.0000   0.3232
   6.500   1.2854   0.01254   0.00628  -0.1017  0.0697  0.8218  -3.3324   0.0000   0.3207
   7.000   1.3298   0.01327   0.00694  -0.0997  0.0532  0.8299  -3.6774   0.0000   0.3160
   7.250   1.3513   0.01364   0.00729  -0.0985  0.0460  0.8360  -3.8515   0.0000   0.3136
   7.500   1.3726   0.01393   0.00760  -0.0973  0.0427  0.8427  -4.0287   0.0000   0.3113
   7.750   1.3917   0.01430   0.00799  -0.0958  0.0374  0.8493  -4.1986   0.0000   0.3088
   8.250   1.4303   0.01475   0.00868  -0.0925  0.0326  0.9999  -4.5513   0.0000   0.3040
   8.500   1.4493   0.01520   0.00910  -0.0910  0.0294  0.9999  -4.7300   0.0000   0.3018
   8.750   1.4679   0.01565   0.00957  -0.0894  0.0262  0.9999  -4.9070   0.0000   0.2995
   9.000   1.4880   0.01599   0.00993  -0.0881  0.0256  0.9999  -5.0973   0.0000   0.2974
   9.250   1.5073   0.01639   0.01034  -0.0866  0.0245  0.9999  -5.2862   0.0000   0.2954
   9.500   1.5254   0.01686   0.01080  -0.0850  0.0228  0.9999  -5.4726   0.0000   0.2933
   9.750   1.5416   0.01742   0.01136  -0.0832  0.0204  0.9999  -5.6545   0.0000   0.2911
  10.000   1.5568   0.01806   0.01204  -0.0811  0.0182  0.9999  -5.8548   0.0000   0.2888
  10.250   1.5753   0.01848   0.01248  -0.0797  0.0180  0.9999  -6.0833   0.0000   0.2869
  10.500   1.5929   0.01894   0.01298  -0.0781  0.0177  0.9999  -6.3101   0.0000   0.2850
  10.750   1.6094   0.01945   0.01351  -0.0764  0.0173  0.9999  -6.5343   0.0000   0.2830
  11.000   1.6253   0.02000   0.01410  -0.0746  0.0167  0.9999  -6.7583   0.0000   0.2810
  11.250   1.6406   0.02061   0.01473  -0.0728  0.0161  0.9999  -6.9812   0.0000   0.2791
  11.500   1.6543   0.02130   0.01544  -0.0708  0.0154  0.9999  -7.1989   0.0000   0.2771
  11.750   1.6676   0.02203   0.01620  -0.0688  0.0147  0.9999  -7.4170   0.0000   0.2751
  12.000   1.6796   0.02284   0.01704  -0.0666  0.0138  0.9999  -7.6266   0.0000   0.2731
  12.250   1.6879   0.02387   0.01814  -0.0640  0.0127  0.9999  -7.8122   0.0000   0.2709
  12.500   1.6934   0.02516   0.01954  -0.0611  0.0117  0.9999  -7.9748   0.0000   0.2686
  12.750   1.7065   0.02593   0.02034  -0.0594  0.0116  0.9999  -8.2031   0.0000   0.2669
  13.000   1.7181   0.02680   0.02125  -0.0575  0.0115  0.9999  -8.4245   0.0000   0.2651
  13.250   1.7296   0.02768   0.02218  -0.0557  0.0114  0.9999  -8.6472   0.0000   0.2633
  13.500   1.7404   0.02864   0.02318  -0.0538  0.0112  0.9999  -8.8666   0.0000   0.2615
  13.750   1.7480   0.02980   0.02440  -0.0517  0.0111  0.9999  -9.0684   0.0000   0.2597
  14.000   1.7563   0.03099   0.02565  -0.0497  0.0109  0.9999  -9.2742   0.0000   0.2580
  14.250   1.7642   0.03226   0.02698  -0.0479  0.0107  0.9999  -9.4781   0.0000   0.2563
  14.500   1.7689   0.03378   0.02857  -0.0459  0.0105  0.9999  -9.6636   0.0000   0.2546
  14.750   1.7727   0.03544   0.03029  -0.0440  0.0103  0.9999  -9.8433   0.0000   0.2529
  15.000   1.7746   0.03731   0.03224  -0.0421  0.0101  0.9999  -10.0108   0.0000   0.2513


