  -5.000  -0.3401   0.00656   0.00174  -0.0432  0.7451  0.0351  -2.4957   0.0000   0.1151
  -4.750  -0.3116   0.00649   0.00165  -0.0433  0.7329  0.0362  -2.3353   0.0000   0.1033
  -4.500  -0.2835   0.00644   0.00156  -0.0433  0.7132  0.0399  -2.1804   0.0000   0.0895
  -4.250  -0.2552   0.00634   0.00146  -0.0433  0.6999  0.0446  -2.0286   0.0000   0.0723
  -4.000  -0.2270   0.00631   0.00139  -0.0433  0.6800  0.0469  -1.8798   0.0000   0.0510
  -3.750  -0.1989   0.00628   0.00132  -0.0433  0.6581  0.0526  -1.7356   0.0000   0.0238
  -3.500  -0.1705   0.00621   0.00124  -0.0433  0.6439  0.0579  -1.5942   0.0000  -0.0132
  -3.250  -0.1423   0.00617   0.00117  -0.0433  0.6241  0.0661  -1.4734   0.0000  -0.0644
  -3.000  -0.1139   0.00612   0.00111  -0.0433  0.6096  0.0719  -1.3597   0.0000  -0.1419
  -2.750  -0.0855   0.00608   0.00105  -0.0434  0.5905  0.0807  -1.2490   0.0000  -0.2702
  -2.500  -0.0574   0.00608   0.00101  -0.0434  0.5670  0.0870  -1.1410   0.0000  -0.5231
  -2.250  -0.0290   0.00603   0.00096  -0.0434  0.5536  0.0993  -1.0352   0.0000  -1.2792
  -2.000  -0.0007   0.00600   0.00092  -0.0435  0.5351  0.1127  -0.9331   0.0000  -63.1566
  -1.750   0.0276   0.00598   0.00089  -0.0435  0.5186  0.1261  -0.8479   0.0000   1.8470
  -1.500   0.0560   0.00595   0.00087  -0.0436  0.5014  0.1376  -0.7642   0.0000   1.0357
  -1.250   0.0841   0.00594   0.00084  -0.0436  0.4804  0.1554  -0.6828   0.0000   0.7720
  -1.000   0.1126   0.00588   0.00082  -0.0437  0.4700  0.1763  -0.6062   0.0000   0.6394
  -0.750   0.1408   0.00588   0.00081  -0.0437  0.4501  0.1964  -0.5475   0.0000   0.5608
  -0.500   0.1691   0.00584   0.00080  -0.0438  0.4387  0.2203  -0.5706   0.0000   0.5083
  -0.250   0.1972   0.00579   0.00080  -0.0438  0.4220  0.2545  -0.5936   0.0000   0.4710
   0.000   0.2256   0.00572   0.00079  -0.0439  0.4132  0.2870  -0.6187   0.0000   0.4430
   0.250   0.2528   0.00556   0.00079  -0.0438  0.3966  0.3675  -0.6432   0.0000   0.4215
   0.500   0.2809   0.00542   0.00079  -0.0439  0.3903  0.4227  -0.6684   0.0000   0.4040
   0.750   0.3088   0.00534   0.00080  -0.0439  0.3798  0.4775  -0.6948   0.0000   0.3897
   1.000   0.3370   0.00530   0.00083  -0.0440  0.3674  0.5154  -0.7222   0.0000   0.3777
   1.250   0.3653   0.00521   0.00085  -0.0441  0.3630  0.5594  -0.7499   0.0000   0.3675
   1.500   0.3935   0.00520   0.00088  -0.0441  0.3546  0.5940  -0.7796   0.0000   0.3588
   1.750   0.4216   0.00517   0.00092  -0.0442  0.3433  0.6341  -0.8096   0.0000   0.3512
   2.000   0.4501   0.00512   0.00095  -0.0442  0.3393  0.6691  -0.8418   0.0000   0.3445
   2.250   0.4784   0.00508   0.00099  -0.0443  0.3340  0.7072  -0.8748   0.0000   0.3386
   2.500   0.5063   0.00508   0.00105  -0.0443  0.3254  0.7445  -0.9101   0.0000   0.3333
   2.750   0.5342   0.00506   0.00110  -0.0442  0.3153  0.7835  -0.9474   0.0000   0.3284
   3.000   0.5623   0.00502   0.00115  -0.0442  0.3127  0.8199  -0.9882   0.0000   0.3241
   3.250   0.5898   0.00502   0.00121  -0.0441  0.3040  0.8558  -1.0330   0.0000   0.3200
   3.500   0.6166   0.00506   0.00129  -0.0438  0.2899  0.8918  -1.0833   0.0000   0.3160
   3.750   0.6435   0.00508   0.00136  -0.0435  0.2825  0.9222  -1.1432   0.0000   0.3124
   4.000   0.6686   0.00519   0.00147  -0.0428  0.2653  0.9500  -1.2088   0.0000   0.3086
   4.250   0.6946   0.00530   0.00156  -0.0423  0.2540  0.9667  -1.2827   0.0000   0.3052
   4.500   0.7210   0.00546   0.00166  -0.0419  0.2377  0.9770  -1.3668   0.0000   0.3023
   4.750   0.7489   0.00565   0.00177  -0.0420  0.2195  0.9833  -1.4570   0.0000   0.2999
   5.000   0.7777   0.00589   0.00192  -0.0422  0.1980  0.9886  -1.5600   0.0000   0.2980
   5.250   0.8053   0.00612   0.00206  -0.0422  0.1809  0.9930  -1.6674   0.0000   0.2959
   5.500   0.8368   0.00638   0.00221  -0.0432  0.1623  0.9946  -1.7847   0.0000   0.2948
   5.750   0.8678   0.00668   0.00241  -0.0440  0.1389  0.9960  -1.9055   0.0000   0.2937
   6.000   0.8986   0.00698   0.00260  -0.0449  0.1193  0.9973  -2.0468   0.0000   0.2926
   6.250   0.9291   0.00726   0.00279  -0.0456  0.1031  0.9986  -2.1902   0.0000   0.2915
   6.500   0.9597   0.00754   0.00298  -0.0464  0.0903  0.9996  -2.3368   0.0000   0.2905
   6.750   0.9873   0.00778   0.00316  -0.0465  0.0800  1.0000  -2.4794   0.0000   0.2890
   7.000   1.0104   0.00803   0.00335  -0.0455  0.0689  1.0000  -2.6128   0.0000   0.2867
   7.250   1.0337   0.00831   0.00356  -0.0447  0.0584  1.0000  -2.7490   0.0000   0.2845
   7.500   1.0578   0.00855   0.00376  -0.0440  0.0525  1.0000  -2.9082   0.0000   0.2826
   7.750   1.0828   0.00877   0.00395  -0.0435  0.0465  1.0000  -3.0806   0.0000   0.2809
   8.000   1.1079   0.00901   0.00415  -0.0430  0.0425  1.0000  -3.2569   0.0000   0.2793
   8.250   1.1331   0.00927   0.00437  -0.0426  0.0366  1.0000  -3.4361   0.0000   0.2777
   8.500   1.1589   0.00946   0.00455  -0.0423  0.0349  1.0000  -3.6221   0.0000   0.2763
   8.750   1.1840   0.00974   0.00479  -0.0419  0.0317  1.0000  -3.8087   0.0000   0.2748
   9.000   1.2091   0.01000   0.00502  -0.0415  0.0276  1.0000  -3.9985   0.0000   0.2734
   9.250   1.2349   0.01021   0.00523  -0.0412  0.0265  1.0000  -4.1939   0.0000   0.2722
   9.500   1.2602   0.01045   0.00546  -0.0409  0.0251  1.0000  -4.3921   0.0000   0.2709
   9.750   1.2846   0.01077   0.00575  -0.0404  0.0225  1.0000  -4.5900   0.0000   0.2695
  10.000   1.3092   0.01107   0.00603  -0.0400  0.0192  1.0000  -4.7903   0.0000   0.2682
  10.250   1.3343   0.01130   0.00626  -0.0397  0.0187  1.0000  -4.9990   0.0000   0.2670
  10.500   1.3593   0.01154   0.00650  -0.0393  0.0183  1.0000  -5.2106   0.0000   0.2658
  10.750   1.3837   0.01182   0.00677  -0.0389  0.0175  1.0000  -5.4233   0.0000   0.2646
  11.000   1.4073   0.01215   0.00710  -0.0383  0.0162  1.0000  -5.6395   0.0000   0.2634
  11.250   1.4303   0.01253   0.00745  -0.0377  0.0144  1.0000  -5.8833   0.0000   0.2621
  11.500   1.4530   0.01291   0.00783  -0.0370  0.0124  1.0000  -6.1270   0.0000   0.2608
  12.000   1.4998   0.01350   0.00844  -0.0358  0.0121  1.0000  -6.6447   0.0000   0.2584
  12.250   1.5228   0.01380   0.00875  -0.0352  0.0120  1.0000  -6.9093   0.0000   0.2572
  12.500   1.5455   0.01411   0.00906  -0.0346  0.0120  1.0000  -7.1761   0.0000   0.2560
  12.750   1.5677   0.01443   0.00940  -0.0339  0.0118  1.0000  -7.4450   0.0000   0.2548
  13.000   1.5892   0.01478   0.00976  -0.0331  0.0116  1.0000  -7.7142   0.0000   0.2536
  13.250   1.6099   0.01516   0.01015  -0.0321  0.0111  1.0000  -7.9813   0.0000   0.2523
  13.500   1.6290   0.01561   0.01060  -0.0310  0.0104  1.0000  -8.2429   0.0000   0.2509
  13.750   1.6454   0.01614   0.01112  -0.0294  0.0095  1.0000  -8.4911   0.0000   0.2493
  14.000   1.6549   0.01689   0.01189  -0.0265  0.0073  1.0000  -8.6804   0.0000   0.2470
  14.500   1.6803   0.01814   0.01325  -0.0223  0.0069  1.0000  -9.1286   0.0000   0.2433
  14.750   1.6945   0.01871   0.01385  -0.0207  0.0069  1.0000  -9.3754   0.0000   0.2417
  15.000   1.7079   0.01934   0.01452  -0.0190  0.0069  1.0000  -9.6191   0.0000   0.2402


