  -5.000  -0.3446   0.00617   0.00152  -0.0425  0.6533  0.0281  -2.5134   0.0000   0.1189
  -4.750  -0.3163   0.00611   0.00144  -0.0425  0.6363  0.0320  -2.3539   0.0000   0.1077
  -4.500  -0.2879   0.00603   0.00135  -0.0426  0.6194  0.0350  -2.1972   0.0000   0.0942
  -4.250  -0.2594   0.00602   0.00129  -0.0426  0.5996  0.0362  -2.0436   0.0000   0.0777
  -4.000  -0.2306   0.00596   0.00122  -0.0427  0.5889  0.0392  -1.8931   0.0000   0.0565
  -3.750  -0.2024   0.00593   0.00116  -0.0428  0.5666  0.0442  -1.7480   0.0000   0.0302
  -3.500  -0.1738   0.00589   0.00110  -0.0428  0.5534  0.0468  -1.6052   0.0000  -0.0056
  -3.250  -0.1452   0.00587   0.00105  -0.0429  0.5340  0.0522  -1.4811   0.0000  -0.0552
  -3.000  -0.1169   0.00583   0.00099  -0.0429  0.5182  0.0587  -1.3674   0.0000  -0.1284
  -2.750  -0.0881   0.00580   0.00095  -0.0430  0.5042  0.0648  -1.2554   0.0000  -0.2516
  -2.500  -0.0597   0.00578   0.00091  -0.0431  0.4849  0.0714  -1.1469   0.0000  -0.4879
  -2.250  -0.0309   0.00576   0.00088  -0.0432  0.4718  0.0782  -1.0400   0.0000  -1.1734
  -2.000  -0.0026   0.00575   0.00085  -0.0433  0.4518  0.0862  -0.9367   0.0000  -16.8756
  -1.750   0.0262   0.00570   0.00082  -0.0434  0.4437  0.0968  -0.8503   0.0000   1.9251
  -1.500   0.0546   0.00570   0.00080  -0.0434  0.4243  0.1100  -0.7666   0.0000   1.0535
  -1.250   0.0834   0.00566   0.00077  -0.0436  0.4159  0.1193  -0.6841   0.0000   0.7760
  -1.000   0.1119   0.00566   0.00076  -0.0436  0.4012  0.1337  -0.6070   0.0000   0.6416
  -0.750   0.1406   0.00561   0.00074  -0.0438  0.3922  0.1517  -0.5472   0.0000   0.5615
  -0.500   0.1692   0.00560   0.00074  -0.0439  0.3819  0.1676  -0.5705   0.0000   0.5086
  -0.250   0.1979   0.00559   0.00074  -0.0440  0.3681  0.1827  -0.5939   0.0000   0.4710
   0.000   0.2267   0.00552   0.00073  -0.0441  0.3644  0.2090  -0.6192   0.0000   0.4429
   0.250   0.2553   0.00551   0.00074  -0.0442  0.3562  0.2274  -0.6446   0.0000   0.4211
   0.500   0.2838   0.00547   0.00074  -0.0443  0.3455  0.2585  -0.6699   0.0000   0.4038
   0.750   0.3125   0.00540   0.00074  -0.0444  0.3403  0.2898  -0.6970   0.0000   0.3896
   1.000   0.3408   0.00526   0.00075  -0.0446  0.3365  0.3518  -0.7245   0.0000   0.3778
   1.250   0.3689   0.00516   0.00076  -0.0446  0.3294  0.4106  -0.7520   0.0000   0.3679
   1.500   0.3973   0.00512   0.00078  -0.0447  0.3199  0.4482  -0.7819   0.0000   0.3592
   1.750   0.4260   0.00506   0.00081  -0.0449  0.3150  0.4857  -0.8124   0.0000   0.3518
   2.000   0.4547   0.00499   0.00083  -0.0450  0.3129  0.5241  -0.8448   0.0000   0.3452
   2.250   0.4830   0.00499   0.00087  -0.0451  0.3041  0.5580  -0.8778   0.0000   0.3394
   2.500   0.5112   0.00500   0.00091  -0.0452  0.2902  0.5893  -0.9135   0.0000   0.3342
   2.750   0.5398   0.00499   0.00095  -0.0453  0.2853  0.6192  -0.9516   0.0000   0.3295
   3.000   0.5675   0.00505   0.00102  -0.0453  0.2673  0.6519  -0.9922   0.0000   0.3252
   3.250   0.5958   0.00507   0.00108  -0.0453  0.2591  0.6849  -1.0380   0.0000   0.3213
   3.500   0.6234   0.00513   0.00116  -0.0453  0.2411  0.7229  -1.0901   0.0000   0.3177
   3.750   0.6508   0.00518   0.00125  -0.0452  0.2279  0.7633  -1.1513   0.0000   0.3143
   4.000   0.6781   0.00527   0.00135  -0.0452  0.2098  0.7982  -1.2210   0.0000   0.3112
   4.250   0.7054   0.00532   0.00144  -0.0450  0.1959  0.8395  -1.2968   0.0000   0.3082
   4.500   0.7318   0.00543   0.00157  -0.0447  0.1763  0.8832  -1.3830   0.0000   0.3053
   4.750   0.7575   0.00556   0.00171  -0.0443  0.1565  0.9213  -1.4697   0.0000   0.3024
   5.000   0.7836   0.00571   0.00184  -0.0439  0.1438  0.9433  -1.5702   0.0000   0.2997
   5.250   0.8092   0.00594   0.00200  -0.0434  0.1228  0.9571  -1.6738   0.0000   0.2971
   5.500   0.8354   0.00615   0.00215  -0.0431  0.1078  0.9664  -1.7806   0.0000   0.2948
   5.750   0.8614   0.00630   0.00227  -0.0427  0.0977  0.9769  -1.8905   0.0000   0.2925
   6.000   0.8883   0.00650   0.00241  -0.0425  0.0859  0.9835  -2.0225   0.0000   0.2906
   6.250   0.9156   0.00672   0.00257  -0.0425  0.0746  0.9897  -2.1578   0.0000   0.2888
   6.750   0.9741   0.00717   0.00290  -0.0433  0.0560  0.9954  -2.4467   0.0000   0.2864
   7.000   1.0043   0.00740   0.00307  -0.0439  0.0472  0.9973  -2.5978   0.0000   0.2854
   7.250   1.0345   0.00758   0.00322  -0.0446  0.0441  0.9986  -2.7528   0.0000   0.2844
   7.500   1.0641   0.00782   0.00342  -0.0451  0.0381  0.9996  -2.9312   0.0000   0.2834
   7.750   1.0917   0.00798   0.00356  -0.0451  0.0356  1.0000  -3.1130   0.0000   0.2821
   8.000   1.1165   0.00819   0.00374  -0.0446  0.0327  1.0000  -3.2891   0.0000   0.2804
   8.250   1.1418   0.00841   0.00392  -0.0442  0.0287  1.0000  -3.4700   0.0000   0.2788
   8.500   1.1679   0.00858   0.00408  -0.0439  0.0267  1.0000  -3.6579   0.0000   0.2774
   8.750   1.1939   0.00878   0.00425  -0.0436  0.0254  1.0000  -3.8493   0.0000   0.2760
   9.000   1.2191   0.00905   0.00448  -0.0432  0.0222  1.0000  -4.0407   0.0000   0.2746
   9.250   1.2450   0.00927   0.00468  -0.0430  0.0196  1.0000  -4.2372   0.0000   0.2733
   9.500   1.2711   0.00946   0.00486  -0.0428  0.0187  1.0000  -4.4396   0.0000   0.2720
   9.750   1.2970   0.00965   0.00505  -0.0425  0.0184  1.0000  -4.6458   0.0000   0.2708
  10.000   1.3226   0.00988   0.00526  -0.0423  0.0175  1.0000  -4.8541   0.0000   0.2696
  10.250   1.3476   0.01016   0.00552  -0.0419  0.0161  1.0000  -5.0627   0.0000   0.2684
  10.500   1.3724   0.01044   0.00577  -0.0415  0.0144  1.0000  -5.2737   0.0000   0.2671
  10.750   1.3974   0.01069   0.00601  -0.0411  0.0126  1.0000  -5.4880   0.0000   0.2660
  11.000   1.4225   0.01093   0.00625  -0.0408  0.0121  1.0000  -5.7234   0.0000   0.2648
  11.250   1.4476   0.01115   0.00648  -0.0405  0.0121  1.0000  -5.9819   0.0000   0.2637
  11.500   1.4724   0.01139   0.00671  -0.0401  0.0120  1.0000  -6.2441   0.0000   0.2626
  11.750   1.4970   0.01164   0.00696  -0.0397  0.0119  1.0000  -6.5097   0.0000   0.2614
  12.000   1.5212   0.01190   0.00722  -0.0393  0.0117  1.0000  -6.7782   0.0000   0.2603
  12.250   1.5449   0.01218   0.00750  -0.0388  0.0113  1.0000  -7.0487   0.0000   0.2592
  12.500   1.5678   0.01252   0.00783  -0.0382  0.0107  1.0000  -7.3187   0.0000   0.2580
  12.750   1.5899   0.01290   0.00820  -0.0374  0.0098  1.0000  -7.5880   0.0000   0.2567
  13.000   1.6116   0.01329   0.00857  -0.0366  0.0088  1.0000  -7.8580   0.0000   0.2554
  13.500   1.6544   0.01404   0.00933  -0.0349  0.0069  1.0000  -8.4011   0.0000   0.2529
  13.750   1.6758   0.01437   0.00967  -0.0341  0.0069  1.0000  -8.6834   0.0000   0.2517
  14.000   1.6967   0.01472   0.01003  -0.0332  0.0069  1.0000  -8.9666   0.0000   0.2504
  14.250   1.7169   0.01508   0.01040  -0.0322  0.0068  1.0000  -9.2495   0.0000   0.2492
  14.500   1.7359   0.01545   0.01078  -0.0310  0.0068  1.0000  -9.5285   0.0000   0.2478
  14.750   1.7522   0.01583   0.01118  -0.0293  0.0068  1.0000  -9.7949   0.0000   0.2461
  15.000   1.7675   0.01624   0.01161  -0.0275  0.0068  1.0000  -10.0589   0.0000   0.2445


