  -5.000  -1.3304   0.01222   0.00662   0.1326  0.7157  0.0108  -5.8570   0.0000   0.3439
  -4.750  -1.3061   0.01200   0.00641   0.1335  0.7138  0.0111  -5.5529   0.0000   0.3466
  -4.500  -1.2817   0.01180   0.00620   0.1342  0.7107  0.0112  -5.2543   0.0000   0.3495
  -4.250  -1.2570   0.01160   0.00600   0.1350  0.7063  0.0113  -5.0014   0.0000   0.3524
  -4.000  -1.2322   0.01141   0.00580   0.1357  0.7008  0.0114  -4.7560   0.0000   0.3554
  -3.750  -1.2072   0.01123   0.00560   0.1364  0.6929  0.0114  -4.5151   0.0000   0.3585
  -3.500  -1.1821   0.01095   0.00532   0.1371  0.6876  0.0147  -4.2975   0.0000   0.3617
  -3.250  -1.1571   0.01070   0.00510   0.1377  0.6856  0.0169  -4.0658   0.0000   0.3650
  -3.000  -1.1318   0.01052   0.00492   0.1384  0.6815  0.0177  -3.8403   0.0000   0.3685
  -2.750  -1.1065   0.01036   0.00476   0.1390  0.6752  0.0179  -3.6189   0.0000   0.3721
  -2.500  -1.0810   0.01016   0.00456   0.1396  0.6666  0.0214  -3.4058   0.0000   0.3758
  -2.250  -1.0555   0.00995   0.00437   0.1402  0.6583  0.0243  -3.1954   0.0000   0.3797
  -2.000  -1.0300   0.00978   0.00422   0.1408  0.6550  0.0257  -2.9892   0.0000   0.3838
  -1.750  -1.0044   0.00961   0.00406   0.1413  0.6485  0.0297  -2.7888   0.0000   0.3881
  -1.500  -0.9787   0.00942   0.00387   0.1419  0.6384  0.0340  -2.5958   0.0000   0.3925
  -1.250  -0.9530   0.00927   0.00373   0.1424  0.6287  0.0377  -2.4041   0.0000   0.3972
  -1.000  -0.9274   0.00907   0.00357   0.1430  0.6237  0.0450  -2.2186   0.0000   0.4021
  -0.750  -0.9018   0.00889   0.00342   0.1435  0.6142  0.0537  -2.0458   0.0000   0.4073
  -0.500  -0.8760   0.00874   0.00328   0.1440  0.6003  0.0611  -1.8999   0.0000   0.4128
  -0.250  -0.8506   0.00854   0.00315   0.1446  0.5951  0.0708  -1.7587   0.0000   0.4186
   0.000  -0.8251   0.00836   0.00301   0.1452  0.5847  0.0844  -1.6211   0.0000   0.4248
   0.250  -0.7998   0.00818   0.00287   0.1458  0.5701  0.1000  -1.4884   0.0000   0.4313
   0.500  -0.7755   0.00793   0.00272   0.1466  0.5635  0.1263  -1.3615   0.0000   0.4382
   0.750  -0.7515   0.00773   0.00258   0.1475  0.5496  0.1486  -1.2922   0.0000   0.4456
   1.000  -0.7287   0.00754   0.00246   0.1486  0.5385  0.1704  -1.2993   0.0000   0.4535
   1.250  -0.7069   0.00736   0.00235   0.1500  0.5276  0.1933  -1.3071   0.0000   0.4619
   1.500  -0.6859   0.00713   0.00222   0.1515  0.5115  0.2283  -1.3179   0.0000   0.4708
   1.750  -0.6637   0.00689   0.00210   0.1527  0.5028  0.2604  -1.3272   0.0000   0.4803
   2.000  -0.6419   0.00668   0.00198   0.1541  0.4844  0.2982  -1.3372   0.0000   0.4904
   2.250  -0.6205   0.00644   0.00185   0.1555  0.4759  0.3331  -1.3475   0.0000   0.5011
   2.500  -0.5990   0.00623   0.00173   0.1568  0.4571  0.3725  -1.3578   0.0000   0.5127
   2.750  -0.5787   0.00596   0.00160   0.1585  0.4476  0.4152  -1.3708   0.0000   0.5249
   3.000  -0.5581   0.00571   0.00147   0.1600  0.4279  0.4625  -1.3841   0.0000   0.5380
   3.250  -0.5380   0.00542   0.00134   0.1617  0.4180  0.5156  -1.3995   0.0000   0.5521
   3.500  -0.5198   0.00504   0.00116   0.1637  0.3986  0.5852  -1.4229   0.0000   0.5668
   3.750  -0.5118   0.00397   0.00066   0.1678  0.3901  0.7498  -1.4767   0.0000   0.5801
   4.250  -0.4590   0.00390   0.00079   0.1686  0.3515  0.8302  -1.4247   0.0000   0.6202
   4.500  -0.4292   0.00406   0.00091   0.1682  0.3343  0.8312  -1.4055   0.0000   0.6453
   4.750  -0.3992   0.00426   0.00107   0.1678  0.3132  0.8316  -1.3838   0.0000   0.6742
   5.000  -0.3691   0.00447   0.00123   0.1673  0.2918  0.8318  -1.3622   0.0000   0.7079
   5.250  -0.3396   0.00459   0.00129   0.1670  0.2686  0.8325  -1.3477   0.0000   0.7469
   5.500  -0.3091   0.00485   0.00149   0.1664  0.2454  0.8318  -1.3223   0.0000   0.7945
   5.750  -0.2789   0.00506   0.00164   0.1659  0.2238  0.8318  -1.3006   0.0000   0.8520
   6.000  -0.2483   0.00533   0.00186   0.1653  0.2002  0.8318  -1.2762   0.0000   0.9242
   6.250  -0.2199   0.00537   0.00182   0.1651  0.1798  0.8328  -1.2690   0.0000   1.0111
   6.500  -0.1915   0.00540   0.00178   0.1648  0.1585  0.8340  -1.2634   0.0000   1.1234
   6.750  -0.1628   0.00547   0.00178   0.1646  0.1392  0.8352  -1.2555   0.0000   1.2766
   7.000  -0.1339   0.00556   0.00180   0.1642  0.1219  0.8364  -1.2463   0.0000   1.4968
   7.250  -0.1049   0.00568   0.00186   0.1639  0.1064  0.8379  -1.2355   0.0000   1.8398
   7.500  -0.0757   0.00584   0.00197   0.1635  0.0893  0.8399  -1.2656   0.0000   2.4498
   7.750  -0.0462   0.00605   0.00214   0.1631  0.0765  0.8416  -1.4011   0.0000   3.8453
   8.000  -0.0167   0.00625   0.00232   0.1626  0.0671  0.8428  -1.5382   0.0000  10.1977
   8.250   0.0126   0.00640   0.00244   0.1622  0.0587  0.8431  -1.6806   0.0000  -12.9184
   8.500   0.0416   0.00652   0.00251   0.1618  0.0492  0.8429  -1.8258   0.0000  -3.7322
   8.750   0.0705   0.00662   0.00258   0.1614  0.0447  0.8425  -1.9958   0.0000  -2.0949
   9.000   0.0995   0.00674   0.00266   0.1610  0.0375  0.8422  -2.1829   0.0000  -1.4104
   9.250   0.1284   0.00686   0.00274   0.1606  0.0341  0.8419  -2.3760   0.0000  -1.0347
   9.500   0.1574   0.00700   0.00286   0.1601  0.0284  0.8416  -2.5714   0.0000  -0.7972
   9.750   0.1863   0.00710   0.00294   0.1597  0.0273  0.8413  -2.7745   0.0000  -0.6338
  10.000   0.2152   0.00724   0.00306   0.1593  0.0245  0.8410  -2.9833   0.0000  -0.5142
  10.250   0.2441   0.00741   0.00321   0.1588  0.0202  0.8407  -3.1947   0.0000  -0.4231
  10.500   0.2730   0.00752   0.00332   0.1584  0.0198  0.8404  -3.4151   0.0000  -0.3514
  10.750   0.3019   0.00765   0.00344   0.1579  0.0191  0.8401  -3.6408   0.0000  -0.2935
  11.000   0.3307   0.00784   0.00360   0.1575  0.0169  0.8399  -3.8702   0.0000  -0.2457
  11.500   0.3882   0.00825   0.00401   0.1565  0.0130  0.8393  -4.3339   0.0000  -0.1716
  11.750   0.4169   0.00840   0.00416   0.1560  0.0130  0.8391  -4.5829   0.0000  -0.1424
  12.000   0.4456   0.00855   0.00431   0.1555  0.0129  0.8388  -4.8376   0.0000  -0.1170
  12.250   0.4743   0.00871   0.00447   0.1550  0.0127  0.8385  -5.1440   0.0000  -0.0948
  12.500   0.5029   0.00889   0.00465   0.1545  0.0121  0.8383  -5.4569   0.0000  -0.0751
  12.750   0.5313   0.00914   0.00487   0.1540  0.0109  0.8381  -5.7743   0.0000  -0.0576
  13.000   0.5595   0.00976   0.00559   0.1533  0.0076  0.8378  -6.0456   0.0000  -0.0417
  13.250   0.5878   0.01005   0.00591   0.1527  0.0075  0.8376  -6.3703   0.0000  -0.0276
  13.500   0.6161   0.01032   0.00621   0.1521  0.0075  0.8374  -6.7048   0.0000  -0.0149
  13.750   0.6443   0.01060   0.00651   0.1515  0.0075  0.8372  -7.0468   0.0000  -0.0033
  14.000   0.6724   0.01089   0.00681   0.1509  0.0075  0.8370  -7.3962   0.0000   0.0073
  14.250   0.7004   0.01118   0.00712   0.1503  0.0075  0.8368  -7.7532   0.0000   0.0170
  14.500   0.7284   0.01146   0.00742   0.1497  0.0075  0.8366  -8.1183   0.0000   0.0259
  14.750   0.7563   0.01174   0.00771   0.1491  0.0075  0.8364  -8.4910   0.0000   0.0340
  15.000   0.7841   0.01203   0.00801   0.1484  0.0075  0.8362  -8.8707   0.0000   0.0416


