  -5.000  -0.5543   0.00619   0.00184  -0.0008  0.9244  0.0355  -2.3450   0.0000   0.2437
  -4.950  -0.5487   0.00617   0.00182  -0.0008  0.9222  0.0359  -2.3065   0.0000   0.2438
  -4.900  -0.5432   0.00615   0.00180  -0.0008  0.9200  0.0362  -2.2681   0.0000   0.2438
  -4.850  -0.5376   0.00613   0.00178  -0.0008  0.9173  0.0367  -2.2300   0.0000   0.2439
  -4.800  -0.5321   0.00611   0.00176  -0.0008  0.9142  0.0384  -2.1926   0.0000   0.2439
  -4.750  -0.5268   0.00608   0.00173  -0.0007  0.9106  0.0405  -2.1557   0.0000   0.2441
  -4.700  -0.5215   0.00605   0.00170  -0.0006  0.9065  0.0424  -2.1193   0.0000   0.2442
  -4.650  -0.5162   0.00602   0.00168  -0.0006  0.9019  0.0441  -2.0831   0.0000   0.2444
  -4.600  -0.5107   0.00600   0.00165  -0.0005  0.8992  0.0455  -2.0463   0.0000   0.2444
  -4.550  -0.5051   0.00597   0.00163  -0.0005  0.8967  0.0464  -2.0094   0.0000   0.2445
  -4.500  -0.4996   0.00596   0.00161  -0.0005  0.8933  0.0469  -1.9778   0.0000   0.2445
  -4.450  -0.4941   0.00595   0.00159  -0.0005  0.8893  0.0476  -1.9480   0.0000   0.2446
  -4.400  -0.4886   0.00593   0.00157  -0.0004  0.8848  0.0497  -1.9186   0.0000   0.2447
  -4.350  -0.4833   0.00592   0.00154  -0.0004  0.8798  0.0518  -1.8895   0.0000   0.2448
  -4.300  -0.4778   0.00589   0.00152  -0.0004  0.8760  0.0538  -1.8604   0.0000   0.2449
  -4.250  -0.4723   0.00586   0.00150  -0.0004  0.8735  0.0555  -1.8312   0.0000   0.2450
  -4.200  -0.4667   0.00583   0.00147  -0.0003  0.8703  0.0570  -1.8021   0.0000   0.2450
  -4.150  -0.4612   0.00582   0.00145  -0.0003  0.8661  0.0581  -1.7731   0.0000   0.2451
  -4.100  -0.4557   0.00581   0.00144  -0.0003  0.8611  0.0588  -1.7443   0.0000   0.2452
  -4.050  -0.4502   0.00581   0.00142  -0.0002  0.8554  0.0599  -1.7158   0.0000   0.2453
  -4.000  -0.4447   0.00579   0.00140  -0.0002  0.8506  0.0627  -1.6874   0.0000   0.2453
  -3.950  -0.4392   0.00576   0.00137  -0.0002  0.8478  0.0655  -1.6592   0.0000   0.2454
  -3.900  -0.4337   0.00573   0.00135  -0.0002  0.8443  0.0678  -1.6311   0.0000   0.2454
  -3.850  -0.4282   0.00571   0.00133  -0.0002  0.8399  0.0699  -1.6032   0.0000   0.2455
  -3.800  -0.4227   0.00570   0.00131  -0.0002  0.8348  0.0713  -1.5754   0.0000   0.2456
  -3.750  -0.4172   0.00569   0.00130  -0.0001  0.8288  0.0723  -1.5477   0.0000   0.2457
  -3.700  -0.4116   0.00568   0.00128  -0.0001  0.8240  0.0745  -1.5201   0.0000   0.2457
  -3.650  -0.4060   0.00565   0.00126  -0.0001  0.8210  0.0782  -1.4929   0.0000   0.2457
  -3.600  -0.4006   0.00562   0.00123  -0.0001  0.8168  0.0816  -1.4667   0.0000   0.2458
  -3.550  -0.3951   0.00560   0.00121  -0.0001  0.8116  0.0843  -1.4406   0.0000   0.2459
  -3.500  -0.3896   0.00560   0.00119  -0.0000  0.8055  0.0859  -1.4135   0.0000   0.2460
  -3.450  -0.3840   0.00559   0.00117  -0.0000  0.7989  0.0870  -1.3865   0.0000   0.2460
  -3.400  -0.3785   0.00557   0.00115  -0.0000  0.7957  0.0917  -1.3597   0.0000   0.2461
  -3.350  -0.3730   0.00552   0.00113  -0.0000  0.7924  0.0969  -1.3334   0.0000   0.2461
  -3.300  -0.3675   0.00550   0.00111  -0.0000  0.7880  0.1007  -1.3070   0.0000   0.2462
  -3.250  -0.3619   0.00549   0.00109   0.0000  0.7824  0.1027  -1.2806   0.0000   0.2462
  -3.200  -0.3565   0.00548   0.00108   0.0000  0.7757  0.1084  -1.2547   0.0000   0.2463
  -3.150  -0.3511   0.00544   0.00105   0.0001  0.7695  0.1132  -1.2290   0.0000   0.2464
  -3.100  -0.3455   0.00542   0.00103   0.0001  0.7664  0.1164  -1.2030   0.0000   0.2465
  -3.050  -0.3399   0.00540   0.00102   0.0001  0.7622  0.1185  -1.1802   0.0000   0.2465
  -3.000  -0.3343   0.00540   0.00101   0.0001  0.7568  0.1202  -1.1587   0.0000   0.2465
  -2.950  -0.3288   0.00539   0.00099   0.0001  0.7508  0.1255  -1.1377   0.0000   0.2466
  -2.900  -0.3233   0.00537   0.00098   0.0001  0.7438  0.1301  -1.1168   0.0000   0.2467
  -2.850  -0.3177   0.00534   0.00096   0.0001  0.7399  0.1337  -1.0958   0.0000   0.2467
  -2.800  -0.3121   0.00533   0.00094   0.0001  0.7365  0.1361  -1.0747   0.0000   0.2467
  -2.750  -0.3065   0.00532   0.00093   0.0001  0.7317  0.1378  -1.0537   0.0000   0.2467
  -2.700  -0.3010   0.00531   0.00092   0.0001  0.7255  0.1434  -1.0331   0.0000   0.2468
  -2.650  -0.2955   0.00530   0.00090   0.0001  0.7183  0.1485  -1.0128   0.0000   0.2469
  -2.600  -0.2900   0.00528   0.00088   0.0001  0.7122  0.1524  -0.9923   0.0000   0.2469
  -2.550  -0.2843   0.00526   0.00087   0.0001  0.7091  0.1550  -0.9717   0.0000   0.2469
  -2.500  -0.2787   0.00525   0.00086   0.0001  0.7051  0.1569  -0.9511   0.0000   0.2469
  -2.450  -0.2731   0.00524   0.00085   0.0001  0.6999  0.1632  -0.9310   0.0000   0.2470
  -2.400  -0.2677   0.00521   0.00083   0.0001  0.6936  0.1697  -0.9112   0.0000   0.2471
  -2.350  -0.2622   0.00520   0.00082   0.0001  0.6860  0.1744  -0.8914   0.0000   0.2471
  -2.300  -0.2566   0.00519   0.00081   0.0001  0.6819  0.1784  -0.8717   0.0000   0.2471
  -2.250  -0.2511   0.00515   0.00079   0.0001  0.6783  0.1876  -0.8552   0.0000   0.2472
  -2.200  -0.2456   0.00512   0.00077   0.0002  0.6733  0.1936  -0.8387   0.0000   0.2472
  -2.150  -0.2400   0.00512   0.00077   0.0002  0.6671  0.1967  -0.8221   0.0000   0.2473
  -2.100  -0.2344   0.00512   0.00076   0.0002  0.6599  0.2011  -0.8055   0.0000   0.2473
  -2.050  -0.2289   0.00510   0.00074   0.0002  0.6539  0.2075  -0.7892   0.0000   0.2474
  -2.000  -0.2233   0.00507   0.00073   0.0002  0.6511  0.2125  -0.7728   0.0000   0.2474
  -1.950  -0.2177   0.00505   0.00072   0.0002  0.6471  0.2165  -0.7564   0.0000   0.2474
  -1.900  -0.2121   0.00505   0.00071   0.0001  0.6415  0.2194  -0.7400   0.0000   0.2474
  -1.850  -0.2066   0.00504   0.00070   0.0002  0.6347  0.2279  -0.7240   0.0000   0.2475
  -1.800  -0.2012   0.00502   0.00069   0.0002  0.6268  0.2347  -0.7078   0.0000   0.2476
  -1.750  -0.1956   0.00500   0.00067   0.0002  0.6230  0.2399  -0.6920   0.0000   0.2476
  -1.700  -0.1899   0.00499   0.00067   0.0002  0.6195  0.2433  -0.6782   0.0000   0.2475
  -1.650  -0.1843   0.00497   0.00066   0.0002  0.6149  0.2517  -0.6646   0.0000   0.2476
  -1.600  -0.1789   0.00495   0.00065   0.0002  0.6090  0.2578  -0.6512   0.0000   0.2477
  -1.550  -0.1733   0.00496   0.00064   0.0002  0.6019  0.2617  -0.6376   0.0000   0.2477
  -1.500  -0.1677   0.00496   0.00063   0.0002  0.5951  0.2644  -0.6240   0.0000   0.2477
  -1.450  -0.1620   0.00495   0.00063   0.0001  0.5922  0.2683  -0.6105   0.0000   0.2476
  -1.400  -0.1564   0.00492   0.00062   0.0001  0.5880  0.2776  -0.5972   0.0000   0.2477
  -1.350  -0.1510   0.00490   0.00061   0.0001  0.5822  0.2846  -0.5845   0.0000   0.2478
  -1.300  -0.1454   0.00490   0.00060   0.0001  0.5755  0.2889  -0.5729   0.0000   0.2478
  -1.250  -0.1398   0.00491   0.00060   0.0001  0.5679  0.2936  -0.5613   0.0000   0.2478
  -1.200  -0.1342   0.00488   0.00059   0.0001  0.5644  0.3017  -0.5498   0.0000   0.2479
  -1.150  -0.1286   0.00486   0.00058   0.0001  0.5611  0.3073  -0.5384   0.0000   0.2479
  -1.100  -0.1230   0.00485   0.00057   0.0001  0.5562  0.3114  -0.5269   0.0000   0.2479
  -1.050  -0.1174   0.00486   0.00057   0.0001  0.5497  0.3145  -0.5159   0.0000   0.2479
  -1.000  -0.1118   0.00487   0.00057   0.0001  0.5418  0.3202  -0.5059   0.0000   0.2479
  -0.950  -0.1063   0.00484   0.00056   0.0001  0.5361  0.3292  -0.4960   0.0000   0.2480
  -0.900  -0.1007   0.00482   0.00055   0.0001  0.5333  0.3356  -0.4861   0.0000   0.2480
  -0.850  -0.0951   0.00481   0.00055   0.0001  0.5292  0.3395  -0.4760   0.0000   0.2479
  -0.800  -0.0894   0.00482   0.00055   0.0001  0.5235  0.3426  -0.4663   0.0000   0.2479
  -0.750  -0.0839   0.00482   0.00054   0.0001  0.5165  0.3503  -0.4576   0.0000   0.2480
  -0.700  -0.0784   0.00481   0.00054   0.0001  0.5085  0.3573  -0.4489   0.0000   0.2481
  -0.650  -0.0728   0.00479   0.00053   0.0001  0.5054  0.3628  -0.4401   0.0000   0.2481
  -0.600  -0.0671   0.00479   0.00053   0.0001  0.5016  0.3665  -0.4313   0.0000   0.2479
  -0.550  -0.0615   0.00479   0.00053   0.0001  0.4963  0.3714  -0.4231   0.0000   0.2479
  -0.500  -0.0560   0.00479   0.00053   0.0001  0.4899  0.3799  -0.4154   0.0000   0.2481
  -0.450  -0.0505   0.00478   0.00052   0.0001  0.4819  0.3860  -0.4076   0.0000   0.2483
  -0.400  -0.0448   0.00477   0.00052   0.0001  0.4776  0.3908  -0.3998   0.0000   0.2482
  -0.350  -0.0391   0.00477   0.00052   0.0000  0.4743  0.3939  -0.3921   0.0000   0.2479
  -0.300  -0.0335   0.00478   0.00052   0.0000  0.4691  0.3994  -0.3850   0.0000   0.2477
  -0.250  -0.0280   0.00477   0.00052   0.0000  0.4627  0.4078  -0.3781   0.0000   0.2482
  -0.200  -0.0225   0.00477   0.00052   0.0000  0.4548  0.4142  -0.3712   0.0000   0.2486
  -0.150  -0.0168   0.00477   0.00051   0.0000  0.4496  0.4188  -0.3641   0.0000   0.2484
  -0.100  -0.0111   0.00477   0.00051   0.0000  0.4466  0.4216  -0.3576   0.0000   0.2475
  -0.050  -0.0055   0.00477   0.00051  -0.0000  0.4418  0.4273  -0.3512   0.0000   0.2459
   0.000   0.0000   0.00476   0.00052  -0.0000  0.4356  0.4356  -0.3449   0.0000   0.3961
   0.050   0.0055   0.00477   0.00051   0.0000  0.4273  0.4418  -0.3512   0.0000   0.2459
   0.100   0.0111   0.00477   0.00051  -0.0000  0.4216  0.4466  -0.3576   0.0000   0.2475
   0.150   0.0168   0.00477   0.00051  -0.0000  0.4188  0.4496  -0.3641   0.0000   0.2484
   0.200   0.0225   0.00477   0.00051  -0.0000  0.4142  0.4548  -0.3712   0.0000   0.2486
   0.250   0.0280   0.00477   0.00052  -0.0000  0.4078  0.4627  -0.3781   0.0000   0.2482
   0.300   0.0335   0.00478   0.00052  -0.0000  0.3994  0.4691  -0.3850   0.0000   0.2477
   0.350   0.0391   0.00477   0.00052  -0.0000  0.3939  0.4743  -0.3921   0.0000   0.2479
   0.400   0.0448   0.00477   0.00052  -0.0001  0.3908  0.4776  -0.3998   0.0000   0.2482
   0.450   0.0505   0.00478   0.00052  -0.0001  0.3860  0.4819  -0.4076   0.0000   0.2483
   0.500   0.0560   0.00479   0.00053  -0.0001  0.3799  0.4899  -0.4154   0.0000   0.2481
   0.550   0.0615   0.00479   0.00053  -0.0001  0.3714  0.4963  -0.4231   0.0000   0.2479
   0.600   0.0671   0.00479   0.00053  -0.0001  0.3665  0.5016  -0.4313   0.0000   0.2479
   0.650   0.0728   0.00479   0.00053  -0.0001  0.3628  0.5054  -0.4401   0.0000   0.2481
   0.700   0.0784   0.00481   0.00054  -0.0001  0.3573  0.5085  -0.4489   0.0000   0.2481
   0.750   0.0839   0.00482   0.00054  -0.0001  0.3503  0.5165  -0.4576   0.0000   0.2480
   0.800   0.0894   0.00482   0.00055  -0.0001  0.3426  0.5235  -0.4663   0.0000   0.2479
   0.850   0.0951   0.00481   0.00055  -0.0001  0.3395  0.5292  -0.4760   0.0000   0.2479
   0.900   0.1007   0.00482   0.00055  -0.0001  0.3356  0.5333  -0.4861   0.0000   0.2480
   0.950   0.1063   0.00484   0.00056  -0.0001  0.3292  0.5361  -0.4960   0.0000   0.2480
   1.000   0.1118   0.00487   0.00057  -0.0001  0.3202  0.5418  -0.5059   0.0000   0.2479
   1.050   0.1174   0.00486   0.00057  -0.0001  0.3145  0.5497  -0.5159   0.0000   0.2479
   1.100   0.1230   0.00485   0.00057  -0.0001  0.3114  0.5562  -0.5269   0.0000   0.2479
   1.150   0.1286   0.00486   0.00058  -0.0001  0.3073  0.5611  -0.5384   0.0000   0.2479
   1.200   0.1342   0.00488   0.00059  -0.0001  0.3017  0.5644  -0.5499   0.0000   0.2479
   1.250   0.1398   0.00491   0.00060  -0.0001  0.2935  0.5679  -0.5613   0.0000   0.2478
   1.300   0.1454   0.00490   0.00060  -0.0001  0.2889  0.5755  -0.5729   0.0000   0.2478
   1.350   0.1510   0.00490   0.00061  -0.0001  0.2846  0.5822  -0.5845   0.0000   0.2478
   1.400   0.1564   0.00492   0.00062  -0.0001  0.2776  0.5880  -0.5972   0.0000   0.2477
   1.450   0.1620   0.00495   0.00063  -0.0001  0.2683  0.5922  -0.6105   0.0000   0.2476
   1.500   0.1677   0.00496   0.00063  -0.0002  0.2644  0.5951  -0.6241   0.0000   0.2477
   1.550   0.1733   0.00496   0.00064  -0.0002  0.2617  0.6019  -0.6377   0.0000   0.2477
   1.600   0.1789   0.00495   0.00065  -0.0002  0.2578  0.6090  -0.6512   0.0000   0.2477
   1.650   0.1843   0.00497   0.00066  -0.0002  0.2517  0.6149  -0.6646   0.0000   0.2476
   1.700   0.1899   0.00499   0.00067  -0.0002  0.2433  0.6195  -0.6782   0.0000   0.2475
   1.750   0.1956   0.00500   0.00067  -0.0002  0.2399  0.6230  -0.6920   0.0000   0.2476
   1.800   0.2012   0.00502   0.00069  -0.0002  0.2347  0.6268  -0.7078   0.0000   0.2476
   1.850   0.2066   0.00504   0.00070  -0.0002  0.2280  0.6347  -0.7240   0.0000   0.2475
   1.900   0.2121   0.00505   0.00071  -0.0002  0.2194  0.6415  -0.7400   0.0000   0.2474
   1.950   0.2177   0.00505   0.00072  -0.0002  0.2165  0.6471  -0.7564   0.0000   0.2474
   2.000   0.2233   0.00507   0.00073  -0.0002  0.2125  0.6511  -0.7728   0.0000   0.2474
   2.050   0.2289   0.00510   0.00074  -0.0002  0.2075  0.6539  -0.7892   0.0000   0.2474
   2.100   0.2345   0.00512   0.00076  -0.0002  0.2011  0.6599  -0.8055   0.0000   0.2473
   2.150   0.2400   0.00512   0.00077  -0.0002  0.1967  0.6671  -0.8221   0.0000   0.2473
   2.200   0.2456   0.00512   0.00077  -0.0002  0.1936  0.6733  -0.8387   0.0000   0.2472
   2.250   0.2511   0.00515   0.00079  -0.0001  0.1875  0.6783  -0.8552   0.0000   0.2472
   2.300   0.2566   0.00519   0.00081  -0.0001  0.1784  0.6819  -0.8717   0.0000   0.2471
   2.350   0.2622   0.00520   0.00082  -0.0002  0.1744  0.6861  -0.8914   0.0000   0.2471
   2.400   0.2677   0.00521   0.00083  -0.0001  0.1697  0.6936  -0.9112   0.0000   0.2471
   2.450   0.2731   0.00524   0.00085  -0.0001  0.1632  0.6999  -0.9310   0.0000   0.2470
   2.500   0.2787   0.00525   0.00086  -0.0001  0.1569  0.7051  -0.9511   0.0000   0.2469
   2.550   0.2843   0.00526   0.00087  -0.0001  0.1550  0.7091  -0.9717   0.0000   0.2469
   2.600   0.2900   0.00528   0.00088  -0.0001  0.1524  0.7122  -0.9923   0.0000   0.2469
   2.650   0.2955   0.00530   0.00090  -0.0001  0.1485  0.7183  -1.0128   0.0000   0.2469
   2.700   0.3010   0.00531   0.00092  -0.0001  0.1434  0.7256  -1.0331   0.0000   0.2468
   2.750   0.3065   0.00532   0.00093  -0.0001  0.1378  0.7317  -1.0537   0.0000   0.2467
   2.800   0.3121   0.00533   0.00094  -0.0001  0.1361  0.7365  -1.0747   0.0000   0.2467
   2.850   0.3177   0.00534   0.00096  -0.0001  0.1337  0.7399  -1.0958   0.0000   0.2467
   2.900   0.3233   0.00537   0.00098  -0.0001  0.1301  0.7439  -1.1169   0.0000   0.2467
   2.950   0.3288   0.00539   0.00099  -0.0001  0.1254  0.7508  -1.1377   0.0000   0.2466
   3.000   0.3343   0.00540   0.00101  -0.0001  0.1202  0.7568  -1.1588   0.0000   0.2465
   3.050   0.3399   0.00540   0.00102  -0.0001  0.1185  0.7622  -1.1802   0.0000   0.2465
   3.100   0.3455   0.00542   0.00103  -0.0001  0.1164  0.7664  -1.2030   0.0000   0.2465
   3.150   0.3511   0.00544   0.00105  -0.0001  0.1132  0.7695  -1.2290   0.0000   0.2464
   3.200   0.3565   0.00548   0.00108  -0.0000  0.1084  0.7757  -1.2547   0.0000   0.2464
   3.250   0.3620   0.00549   0.00109  -0.0000  0.1027  0.7824  -1.2806   0.0000   0.2463
   3.300   0.3675   0.00550   0.00111  -0.0000  0.1007  0.7880  -1.3070   0.0000   0.2462
   3.350   0.3730   0.00552   0.00113   0.0000  0.0969  0.7924  -1.3334   0.0000   0.2461
   3.400   0.3785   0.00557   0.00115   0.0000  0.0917  0.7957  -1.3597   0.0000   0.2461
   3.450   0.3841   0.00559   0.00117   0.0000  0.0870  0.7989  -1.3866   0.0000   0.2460
   3.500   0.3896   0.00560   0.00119   0.0000  0.0859  0.8056  -1.4136   0.0000   0.2460
   3.550   0.3951   0.00560   0.00121   0.0001  0.0843  0.8116  -1.4406   0.0000   0.2459
   3.650   0.4061   0.00565   0.00126   0.0001  0.0782  0.8210  -1.4929   0.0000   0.2458
   3.700   0.4116   0.00568   0.00128   0.0001  0.0744  0.8240  -1.5201   0.0000   0.2457
   3.750   0.4172   0.00569   0.00130   0.0001  0.0723  0.8288  -1.5478   0.0000   0.2457
   3.800   0.4227   0.00570   0.00131   0.0002  0.0713  0.8348  -1.5754   0.0000   0.2456
   3.850   0.4282   0.00571   0.00133   0.0002  0.0699  0.8399  -1.6032   0.0000   0.2455
   3.900   0.4337   0.00573   0.00135   0.0002  0.0678  0.8443  -1.6312   0.0000   0.2454
   3.950   0.4392   0.00576   0.00137   0.0002  0.0655  0.8478  -1.6592   0.0000   0.2454
   4.000   0.4447   0.00579   0.00140   0.0002  0.0627  0.8506  -1.6875   0.0000   0.2453
   4.050   0.4503   0.00581   0.00142   0.0002  0.0599  0.8554  -1.7159   0.0000   0.2453
   4.100   0.4557   0.00581   0.00144   0.0003  0.0588  0.8611  -1.7444   0.0000   0.2452
   4.150   0.4612   0.00582   0.00145   0.0003  0.0581  0.8661  -1.7732   0.0000   0.2451
   4.200   0.4667   0.00583   0.00147   0.0003  0.0570  0.8703  -1.8022   0.0000   0.2450
   4.250   0.4723   0.00586   0.00150   0.0003  0.0555  0.8735  -1.8313   0.0000   0.2450
   4.300   0.4778   0.00589   0.00152   0.0004  0.0538  0.8760  -1.8605   0.0000   0.2449
   4.350   0.4833   0.00592   0.00154   0.0004  0.0518  0.8798  -1.8896   0.0000   0.2448
   4.400   0.4887   0.00593   0.00157   0.0004  0.0497  0.8848  -1.9187   0.0000   0.2447
   4.450   0.4941   0.00595   0.00159   0.0005  0.0476  0.8893  -1.9480   0.0000   0.2446
   4.500   0.4996   0.00596   0.00161   0.0005  0.0469  0.8933  -1.9779   0.0000   0.2445
   4.550   0.5051   0.00597   0.00163   0.0005  0.0463  0.8967  -2.0095   0.0000   0.2445
   4.600   0.5107   0.00600   0.00165   0.0005  0.0455  0.8992  -2.0464   0.0000   0.2444
   4.650   0.5162   0.00602   0.00168   0.0006  0.0441  0.9019  -2.0832   0.0000   0.2444
   4.700   0.5215   0.00605   0.00170   0.0006  0.0424  0.9065  -2.1194   0.0000   0.2442
   4.750   0.5268   0.00608   0.00173   0.0007  0.0405  0.9106  -2.1558   0.0000   0.2441
   4.800   0.5322   0.00611   0.00176   0.0007  0.0384  0.9142  -2.1927   0.0000   0.2439
   4.850   0.5376   0.00613   0.00178   0.0008  0.0367  0.9173  -2.2301   0.0000   0.2439
   4.900   0.5432   0.00615   0.00180   0.0008  0.0362  0.9200  -2.2682   0.0000   0.2438
   4.950   0.5488   0.00617   0.00182   0.0008  0.0359  0.9222  -2.3066   0.0000   0.2438
   5.000   0.5543   0.00619   0.00184   0.0008  0.0355  0.9244  -2.3451   0.0000   0.2437
   5.050   0.5596   0.00620   0.00187   0.0009  0.0350  0.9283  -2.3830   0.0000   0.2436
   5.100   0.5649   0.00622   0.00189   0.0010  0.0343  0.9319  -2.4210   0.0000   0.2434
   5.150   0.5702   0.00625   0.00192   0.0011  0.0335  0.9352  -2.4593   0.0000   0.2433
   5.200   0.5756   0.00627   0.00194   0.0011  0.0326  0.9381  -2.4980   0.0000   0.2432
   5.250   0.5810   0.00631   0.00197   0.0011  0.0317  0.9405  -2.5369   0.0000   0.2431
   5.300   0.5864   0.00634   0.00200   0.0012  0.0306  0.9424  -2.5762   0.0000   0.2430
   5.350   0.5920   0.00637   0.00203   0.0012  0.0293  0.9441  -2.6142   0.0000   0.2430
   5.400   0.5973   0.00640   0.00206   0.0013  0.0281  0.9465  -2.6528   0.0000   0.2428
   5.450   0.6025   0.00642   0.00209   0.0014  0.0272  0.9495  -2.6915   0.0000   0.2427
   5.500   0.6078   0.00644   0.00211   0.0014  0.0269  0.9524  -2.7308   0.0000   0.2425
   5.550   0.6131   0.00645   0.00213   0.0015  0.0267  0.9550  -2.7708   0.0000   0.2424
   5.600   0.6185   0.00647   0.00216   0.0016  0.0266  0.9574  -2.8111   0.0000   0.2422
   5.650   0.6239   0.00650   0.00218   0.0016  0.0264  0.9594  -2.8519   0.0000   0.2422
   5.700   0.6293   0.00652   0.00220   0.0017  0.0261  0.9612  -2.8930   0.0000   0.2421
   5.750   0.6348   0.00655   0.00223   0.0017  0.0257  0.9626  -2.9344   0.0000   0.2420
   5.800   0.6403   0.00658   0.00226   0.0017  0.0252  0.9640  -2.9758   0.0000   0.2420
   5.850   0.6455   0.00661   0.00228   0.0018  0.0247  0.9662  -3.0165   0.0000   0.2418
   5.900   0.6506   0.00664   0.00231   0.0019  0.0241  0.9684  -3.0573   0.0000   0.2416
   5.950   0.6558   0.00667   0.00234   0.0020  0.0235  0.9705  -3.0984   0.0000   0.2415
   6.000   0.6611   0.00671   0.00238   0.0021  0.0228  0.9725  -3.1398   0.0000   0.2413
   6.050   0.6664   0.00675   0.00241   0.0021  0.0221  0.9743  -3.1814   0.0000   0.2412
   6.100   0.6717   0.00678   0.00243   0.0022  0.0212  0.9760  -3.2233   0.0000   0.2411
   6.150   0.6771   0.00681   0.00246   0.0023  0.0204  0.9774  -3.2655   0.0000   0.2410
   6.200   0.6824   0.00685   0.00250   0.0023  0.0196  0.9787  -3.3077   0.0000   0.2409
   6.250   0.6878   0.00688   0.00253   0.0024  0.0189  0.9797  -3.3500   0.0000   0.2408
   6.300   0.6935   0.00691   0.00255   0.0023  0.0188  0.9809  -3.3945   0.0000   0.2408
   6.350   0.6993   0.00693   0.00258   0.0023  0.0188  0.9821  -3.4397   0.0000   0.2409
   6.400   0.7051   0.00695   0.00260   0.0022  0.0188  0.9833  -3.4854   0.0000   0.2410
   6.450   0.7110   0.00698   0.00263   0.0022  0.0187  0.9844  -3.5314   0.0000   0.2410
   6.500   0.7168   0.00701   0.00265   0.0021  0.0186  0.9855  -3.5775   0.0000   0.2411
   6.550   0.7227   0.00703   0.00268   0.0021  0.0186  0.9865  -3.6238   0.0000   0.2411
   6.600   0.7285   0.00706   0.00271   0.0020  0.0185  0.9875  -3.6702   0.0000   0.2412
   6.650   0.7342   0.00709   0.00274   0.0020  0.0183  0.9885  -3.7167   0.0000   0.2412
   6.700   0.7400   0.00712   0.00276   0.0019  0.0181  0.9894  -3.7631   0.0000   0.2413
   6.750   0.7455   0.00716   0.00279   0.0019  0.0179  0.9904  -3.8092   0.0000   0.2412
   6.800   0.7510   0.00719   0.00282   0.0020  0.0176  0.9913  -3.8550   0.0000   0.2412
   6.850   0.7563   0.00723   0.00286   0.0020  0.0172  0.9922  -3.9005   0.0000   0.2411
   6.900   0.7618   0.00727   0.00289   0.0020  0.0167  0.9929  -3.9466   0.0000   0.2410
   6.950   0.7681   0.00732   0.00293   0.0018  0.0162  0.9932  -3.9962   0.0000   0.2412
   7.000   0.7744   0.00737   0.00297   0.0017  0.0155  0.9935  -4.0456   0.0000   0.2414
   7.050   0.7806   0.00743   0.00303   0.0015  0.0147  0.9938  -4.0964   0.0000   0.2416
   7.100   0.7869   0.00748   0.00307   0.0013  0.0138  0.9942  -4.1459   0.0000   0.2418
   7.150   0.7931   0.00754   0.00313   0.0012  0.0127  0.9945  -4.1916   0.0000   0.2420
   7.300   0.8120   0.00766   0.00325   0.0007  0.0121  0.9953  -4.3411   0.0000   0.2425
   7.350   0.8183   0.00769   0.00328   0.0005  0.0121  0.9956  -4.3933   0.0000   0.2427
   7.400   0.8246   0.00773   0.00331   0.0003  0.0121  0.9958  -4.4457   0.0000   0.2428
   7.450   0.8309   0.00776   0.00335   0.0001  0.0121  0.9960  -4.4984   0.0000   0.2430
   7.500   0.8371   0.00779   0.00338  -0.0000  0.0121  0.9962  -4.5513   0.0000   0.2431
   7.550   0.8434   0.00783   0.00341  -0.0002  0.0121  0.9965  -4.6044   0.0000   0.2433
   7.600   0.8497   0.00786   0.00344  -0.0004  0.0121  0.9967  -4.6577   0.0000   0.2434
   7.650   0.8559   0.00789   0.00348  -0.0005  0.0121  0.9969  -4.7112   0.0000   0.2436
   7.700   0.8621   0.00793   0.00351  -0.0007  0.0121  0.9971  -4.7649   0.0000   0.2437
   7.750   0.8684   0.00796   0.00354  -0.0008  0.0120  0.9973  -4.8187   0.0000   0.2438
   7.800   0.8746   0.00800   0.00357  -0.0010  0.0120  0.9975  -4.8727   0.0000   0.2439
   7.850   0.8808   0.00803   0.00361  -0.0012  0.0120  0.9977  -4.9270   0.0000   0.2441
   7.900   0.8870   0.00807   0.00364  -0.0013  0.0120  0.9979  -4.9815   0.0000   0.2442
   7.950   0.8932   0.00810   0.00367  -0.0015  0.0120  0.9981  -5.0362   0.0000   0.2443
   8.000   0.8994   0.00814   0.00371  -0.0016  0.0119  0.9983  -5.0910   0.0000   0.2444
   8.050   0.9055   0.00817   0.00374  -0.0018  0.0119  0.9985  -5.1558   0.0000   0.2445
   8.100   0.9117   0.00821   0.00378  -0.0019  0.0119  0.9987  -5.2209   0.0000   0.2446
   8.150   0.9178   0.00824   0.00381  -0.0021  0.0118  0.9988  -5.2863   0.0000   0.2447
   8.200   0.9240   0.00828   0.00385  -0.0022  0.0117  0.9990  -5.3521   0.0000   0.2447
   8.250   0.9301   0.00832   0.00389  -0.0024  0.0117  0.9992  -5.4182   0.0000   0.2448
   8.300   0.9363   0.00836   0.00392  -0.0025  0.0116  0.9993  -5.4845   0.0000   0.2449
   8.350   0.9424   0.00840   0.00396  -0.0026  0.0115  0.9994  -5.5511   0.0000   0.2450
   8.400   0.9485   0.00844   0.00400  -0.0028  0.0113  0.9995  -5.6178   0.0000   0.2451
   8.450   0.9546   0.00849   0.00404  -0.0029  0.0112  0.9997  -5.6848   0.0000   0.2451
   8.500   0.9607   0.00853   0.00408  -0.0031  0.0110  0.9998  -5.7520   0.0000   0.2452
   8.550   0.9667   0.00858   0.00413  -0.0032  0.0107  0.9999  -5.8193   0.0000   0.2453
   8.600   0.9728   0.00864   0.00418  -0.0033  0.0105  1.0000  -5.8867   0.0000   0.2453
   8.650   0.9779   0.00869   0.00423  -0.0033  0.0102  1.0000  -5.9498   0.0000   0.2452
   8.700   0.9825   0.00875   0.00428  -0.0031  0.0099  1.0000  -6.0094   0.0000   0.2449
   8.750   0.9871   0.00881   0.00434  -0.0029  0.0095  1.0000  -6.0687   0.0000   0.2446
   8.800   0.9916   0.00888   0.00440  -0.0027  0.0089  1.0000  -6.1264   0.0000   0.2444
   8.850   0.9949   0.00913   0.00470  -0.0022  0.0069  1.0000  -6.1445   0.0000   0.2438
   8.900   0.9997   0.00917   0.00475  -0.0020  0.0069  1.0000  -6.2058   0.0000   0.2436
   8.950   1.0045   0.00922   0.00479  -0.0019  0.0069  1.0000  -6.2674   0.0000   0.2434
   9.000   1.0093   0.00926   0.00484  -0.0017  0.0069  1.0000  -6.3295   0.0000   0.2431
   9.050   1.0142   0.00931   0.00489  -0.0016  0.0069  1.0000  -6.3918   0.0000   0.2429
   9.100   1.0190   0.00936   0.00494  -0.0015  0.0069  1.0000  -6.4546   0.0000   0.2427
   9.150   1.0239   0.00940   0.00499  -0.0013  0.0069  1.0000  -6.5176   0.0000   0.2425
   9.200   1.0288   0.00945   0.00503  -0.0012  0.0069  1.0000  -6.5810   0.0000   0.2423
   9.250   1.0337   0.00950   0.00508  -0.0011  0.0069  1.0000  -6.6446   0.0000   0.2422
   9.300   1.0386   0.00954   0.00513  -0.0009  0.0069  1.0000  -6.7086   0.0000   0.2420
   9.350   1.0435   0.00959   0.00518  -0.0008  0.0069  1.0000  -6.7729   0.0000   0.2418
   9.400   1.0484   0.00964   0.00523  -0.0007  0.0069  1.0000  -6.8377   0.0000   0.2416
   9.450   1.0533   0.00969   0.00528  -0.0006  0.0069  1.0000  -6.9028   0.0000   0.2414
   9.500   1.0583   0.00974   0.00533  -0.0005  0.0069  1.0000  -6.9683   0.0000   0.2412
   9.550   1.0632   0.00978   0.00538  -0.0003  0.0069  1.0000  -7.0341   0.0000   0.2411
   9.600   1.0682   0.00983   0.00543  -0.0002  0.0069  1.0000  -7.1004   0.0000   0.2409
   9.650   1.0732   0.00988   0.00549  -0.0001  0.0068  1.0000  -7.1671   0.0000   0.2408
   9.700   1.0783   0.00993   0.00554  -0.0001  0.0068  1.0000  -7.2341   0.0000   0.2406
   9.750   1.0833   0.00998   0.00559   0.0000  0.0068  1.0000  -7.3015   0.0000   0.2405
   9.800   1.0883   0.01003   0.00564   0.0001  0.0068  1.0000  -7.3692   0.0000   0.2403
   9.850   1.0934   0.01008   0.00569   0.0002  0.0068  1.0000  -7.4373   0.0000   0.2402
   9.900   1.0984   0.01013   0.00574   0.0003  0.0068  1.0000  -7.5058   0.0000   0.2400
   9.950   1.1035   0.01018   0.00580   0.0004  0.0068  1.0000  -7.5746   0.0000   0.2399
  10.000   1.1086   0.01023   0.00585   0.0004  0.0068  1.0000  -7.6437   0.0000   0.2398
  10.050   1.1137   0.01028   0.00590   0.0005  0.0068  1.0000  -7.7131   0.0000   0.2396
  10.100   1.1188   0.01033   0.00596   0.0006  0.0068  1.0000  -7.7829   0.0000   0.2395
  10.150   1.1239   0.01038   0.00601   0.0007  0.0068  1.0000  -7.8530   0.0000   0.2394
  10.200   1.1290   0.01044   0.00606   0.0007  0.0068  1.0000  -7.9234   0.0000   0.2392
  10.250   1.1341   0.01049   0.00611   0.0008  0.0068  1.0000  -7.9941   0.0000   0.2391
  10.300   1.1392   0.01054   0.00617   0.0009  0.0068  1.0000  -8.0651   0.0000   0.2390
  10.350   1.1443   0.01059   0.00622   0.0009  0.0068  1.0000  -8.1365   0.0000   0.2389
  10.400   1.1494   0.01064   0.00628   0.0010  0.0068  1.0000  -8.2081   0.0000   0.2388
  10.450   1.1545   0.01069   0.00632   0.0011  0.0068  1.0000  -8.2807   0.0000   0.2386
  10.500   1.1597   0.01074   0.00638   0.0011  0.0068  1.0000  -8.3530   0.0000   0.2385
  10.550   1.1648   0.01079   0.00643   0.0012  0.0068  1.0000  -8.4256   0.0000   0.2384
  10.600   1.1699   0.01084   0.00648   0.0013  0.0068  1.0000  -8.4985   0.0000   0.2383
  10.650   1.1750   0.01089   0.00653   0.0013  0.0068  1.0000  -8.5717   0.0000   0.2382
  10.700   1.1801   0.01094   0.00659   0.0014  0.0068  1.0000  -8.6451   0.0000   0.2380
  10.750   1.1852   0.01100   0.00664   0.0014  0.0068  1.0000  -8.7189   0.0000   0.2379
  10.800   1.1903   0.01105   0.00670   0.0015  0.0068  1.0000  -8.7929   0.0000   0.2378
  10.850   1.1954   0.01110   0.00675   0.0016  0.0068  1.0000  -8.8671   0.0000   0.2377
  10.900   1.2005   0.01115   0.00681   0.0016  0.0068  1.0000  -8.9417   0.0000   0.2376
  10.950   1.2056   0.01121   0.00686   0.0017  0.0068  1.0000  -9.0165   0.0000   0.2375
  11.000   1.2107   0.01126   0.00692   0.0017  0.0068  1.0000  -9.0917   0.0000   0.2373
  11.050   1.2158   0.01131   0.00697   0.0018  0.0068  1.0000  -9.1670   0.0000   0.2372
  11.100   1.2209   0.01137   0.00703   0.0019  0.0068  1.0000  -9.2427   0.0000   0.2371
  11.150   1.2260   0.01142   0.00708   0.0019  0.0068  1.0000  -9.3186   0.0000   0.2370
  11.200   1.2311   0.01148   0.00714   0.0020  0.0068  1.0000  -9.3948   0.0000   0.2369
  11.250   1.2362   0.01153   0.00719   0.0020  0.0068  1.0000  -9.4712   0.0000   0.2368
  11.300   1.2412   0.01159   0.00725   0.0021  0.0067  1.0000  -9.5479   0.0000   0.2366
  11.350   1.2463   0.01164   0.00731   0.0022  0.0067  1.0000  -9.6249   0.0000   0.2365
  11.400   1.2514   0.01170   0.00736   0.0022  0.0067  1.0000  -9.7021   0.0000   0.2364
  11.450   1.2565   0.01175   0.00742   0.0023  0.0067  1.0000  -9.7796   0.0000   0.2363
  11.500   1.2615   0.01181   0.00748   0.0023  0.0067  1.0000  -9.8574   0.0000   0.2362
  11.550   1.2666   0.01186   0.00753   0.0024  0.0067  1.0000  -9.9354   0.0000   0.2361
  11.600   1.2717   0.01192   0.00759   0.0025  0.0067  1.0000  -10.0136   0.0000   0.2360
  11.650   1.2767   0.01197   0.00765   0.0025  0.0067  1.0000  -10.0921   0.0000   0.2358
  11.700   1.2818   0.01203   0.00770   0.0026  0.0067  1.0000  -10.1708   0.0000   0.2357
  11.750   1.2868   0.01208   0.00776   0.0026  0.0067  1.0000  -10.2498   0.0000   0.2356
  11.800   1.2918   0.01214   0.00782   0.0027  0.0067  1.0000  -10.3290   0.0000   0.2355
  11.850   1.2969   0.01220   0.00788   0.0028  0.0067  1.0000  -10.4084   0.0000   0.2354
  11.900   1.3019   0.01226   0.00794   0.0028  0.0067  1.0000  -10.4881   0.0000   0.2353
  11.950   1.3069   0.01231   0.00800   0.0029  0.0067  1.0000  -10.5680   0.0000   0.2351
  12.000   1.3119   0.01237   0.00806   0.0030  0.0067  1.0000  -10.6482   0.0000   0.2350
  12.050   1.3170   0.01243   0.00812   0.0030  0.0067  1.0000  -10.7285   0.0000   0.2349
  12.100   1.3220   0.01249   0.00818   0.0031  0.0067  1.0000  -10.8091   0.0000   0.2348
  12.150   1.3269   0.01255   0.00825   0.0032  0.0066  1.0000  -10.8899   0.0000   0.2347
  12.200   1.3319   0.01261   0.00831   0.0032  0.0066  1.0000  -10.9709   0.0000   0.2345
  12.250   1.3369   0.01267   0.00837   0.0033  0.0066  1.0000  -11.0522   0.0000   0.2344
  12.300   1.3419   0.01273   0.00843   0.0034  0.0066  1.0000  -11.1337   0.0000   0.2343
  12.350   1.3469   0.01279   0.00849   0.0034  0.0066  1.0000  -11.2154   0.0000   0.2342
  12.400   1.3518   0.01285   0.00855   0.0035  0.0066  1.0000  -11.2973   0.0000   0.2341
  12.450   1.3568   0.01291   0.00862   0.0036  0.0066  1.0000  -11.3795   0.0000   0.2339
  12.500   1.3617   0.01297   0.00868   0.0036  0.0066  1.0000  -11.4618   0.0000   0.2338
  12.550   1.3667   0.01303   0.00874   0.0037  0.0066  1.0000  -11.5443   0.0000   0.2337
  12.600   1.3716   0.01309   0.00880   0.0038  0.0065  1.0000  -11.6270   0.0000   0.2336
  12.650   1.3766   0.01315   0.00887   0.0038  0.0065  1.0000  -11.7099   0.0000   0.2334
  12.700   1.3815   0.01321   0.00893   0.0039  0.0065  1.0000  -11.7930   0.0000   0.2333
  12.750   1.3864   0.01328   0.00900   0.0040  0.0065  1.0000  -11.8763   0.0000   0.2332
  12.800   1.3913   0.01334   0.00906   0.0040  0.0065  1.0000  -11.9597   0.0000   0.2331
  12.850   1.3962   0.01340   0.00913   0.0041  0.0065  1.0000  -12.0433   0.0000   0.2329
  12.900   1.4011   0.01347   0.00919   0.0042  0.0065  1.0000  -12.1271   0.0000   0.2328
  12.950   1.4060   0.01353   0.00926   0.0043  0.0064  1.0000  -12.2111   0.0000   0.2327
  13.000   1.4108   0.01360   0.00932   0.0044  0.0064  1.0000  -12.2953   0.0000   0.2326
  13.050   1.4157   0.01366   0.00939   0.0044  0.0064  1.0000  -12.3796   0.0000   0.2324
  13.100   1.4206   0.01373   0.00946   0.0045  0.0064  1.0000  -12.4640   0.0000   0.2323
  13.150   1.4254   0.01379   0.00953   0.0046  0.0063  1.0000  -12.5486   0.0000   0.2322
  13.200   1.4302   0.01386   0.00960   0.0047  0.0063  1.0000  -12.6334   0.0000   0.2320
  13.250   1.4350   0.01393   0.00967   0.0048  0.0063  1.0000  -12.7182   0.0000   0.2319
  13.300   1.4398   0.01400   0.00974   0.0048  0.0063  1.0000  -12.8032   0.0000   0.2318
  13.350   1.4446   0.01407   0.00981   0.0049  0.0062  1.0000  -12.8883   0.0000   0.2316
  13.400   1.4494   0.01414   0.00988   0.0050  0.0062  1.0000  -12.9734   0.0000   0.2315
  13.450   1.4541   0.01421   0.00996   0.0051  0.0062  1.0000  -13.0587   0.0000   0.2314
  13.500   1.4589   0.01428   0.01003   0.0052  0.0061  1.0000  -13.1440   0.0000   0.2312
  13.550   1.4636   0.01436   0.01011   0.0053  0.0061  1.0000  -13.2294   0.0000   0.2311
  13.600   1.4683   0.01443   0.01018   0.0054  0.0060  1.0000  -13.3149   0.0000   0.2309
  13.650   1.4730   0.01451   0.01026   0.0055  0.0060  1.0000  -13.4004   0.0000   0.2308
  13.700   1.4776   0.01459   0.01034   0.0056  0.0059  1.0000  -13.4859   0.0000   0.2307
  13.750   1.4823   0.01467   0.01042   0.0057  0.0059  1.0000  -13.5714   0.0000   0.2305
  13.800   1.4869   0.01475   0.01050   0.0058  0.0058  1.0000  -13.6569   0.0000   0.2304
  13.850   1.4915   0.01484   0.01059   0.0059  0.0058  1.0000  -13.7423   0.0000   0.2302
  13.900   1.4960   0.01492   0.01068   0.0060  0.0057  1.0000  -13.8273   0.0000   0.2301
  13.950   1.5006   0.01501   0.01077   0.0061  0.0056  1.0000  -13.9122   0.0000   0.2299
  14.000   1.5050   0.01511   0.01086   0.0062  0.0055  1.0000  -13.9971   0.0000   0.2298
  14.050   1.5095   0.01520   0.01096   0.0064  0.0054  1.0000  -14.0817   0.0000   0.2296
  14.100   1.5139   0.01530   0.01105   0.0065  0.0053  1.0000  -14.1661   0.0000   0.2294
  14.150   1.5183   0.01540   0.01115   0.0066  0.0052  1.0000  -14.2500   0.0000   0.2293
  14.200   1.5226   0.01551   0.01126   0.0068  0.0051  1.0000  -14.3333   0.0000   0.2291
  14.250   1.5269   0.01562   0.01137   0.0069  0.0050  1.0000  -14.4159   0.0000   0.2289
  14.300   1.5311   0.01574   0.01149   0.0071  0.0049  1.0000  -14.4975   0.0000   0.2287
  14.350   1.5352   0.01586   0.01161   0.0072  0.0048  1.0000  -14.5780   0.0000   0.2286
  14.400   1.5392   0.01599   0.01174   0.0074  0.0046  1.0000  -14.6560   0.0000   0.2284
  14.700   1.5547   0.01769   0.01367   0.0097  0.0031  1.0000  -14.8524   0.0000   0.2264
  14.750   1.5586   0.01782   0.01381   0.0099  0.0031  1.0000  -14.9299   0.0000   0.2263
  14.800   1.5625   0.01795   0.01396   0.0100  0.0031  1.0000  -15.0072   0.0000   0.2261
  14.850   1.5663   0.01809   0.01410   0.0102  0.0031  1.0000  -15.0842   0.0000   0.2258
  14.900   1.5701   0.01823   0.01425   0.0105  0.0031  1.0000  -15.1610   0.0000   0.2256
  14.950   1.5738   0.01837   0.01441   0.0107  0.0031  1.0000  -15.2374   0.0000   0.2254
  15.000   1.5775   0.01851   0.01456   0.0109  0.0031  1.0000  -15.3136   0.0000   0.2252


