  -5.000  -0.1269   0.00500   0.00097  -0.0777  0.8575  0.1193  -1.1455   0.0000  -0.3754
  -4.750  -0.0981   0.00487   0.00091  -0.0779  0.8553  0.1368  -1.0395   0.0000  -0.5596
  -4.500  -0.0693   0.00474   0.00084  -0.0781  0.8534  0.1554  -0.9361   0.0000  -0.8974
  -4.250  -0.0405   0.00458   0.00077  -0.0783  0.8530  0.1787  -0.8352   0.0000  -1.7171
  -4.000  -0.0116   0.00443   0.00070  -0.0786  0.8524  0.2019  -0.7514   0.0000  -6.6322
  -3.750   0.0173   0.00426   0.00064  -0.0788  0.8515  0.2304  -0.6697   0.0000   4.8706
  -3.500   0.0462   0.00413   0.00059  -0.0790  0.8499  0.2538  -0.5984   0.0000   1.9791
  -3.250   0.0752   0.00399   0.00054  -0.0792  0.8472  0.2819  -0.5331   0.0000   1.3156
  -3.000   0.1040   0.00389   0.00050  -0.0794  0.8409  0.3047  -0.5406   0.0000   1.0208
  -2.750   0.1322   0.00382   0.00045  -0.0794  0.8248  0.3299  -0.5491   0.0000   0.8559
  -2.500   0.1537   0.00438   0.00055  -0.0782  0.6684  0.3501  -0.5739   0.0000   0.7622
  -2.250   0.1799   0.00454   0.00058  -0.0779  0.6099  0.3703  -0.5698   0.0000   0.6854
  -2.000   0.2065   0.00465   0.00061  -0.0776  0.5613  0.3949  -0.5673   0.0000   0.6278
  -1.750   0.2333   0.00476   0.00064  -0.0774  0.5179  0.4191  -0.5657   0.0000   0.5832
  -1.500   0.2602   0.00487   0.00067  -0.0772  0.4761  0.4404  -0.5649   0.0000   0.5476
  -1.250   0.2873   0.00498   0.00071  -0.0771  0.4393  0.4589  -0.5647   0.0000   0.5187
  -1.000   0.3141   0.00511   0.00076  -0.0769  0.3991  0.4790  -0.5636   0.0000   0.4948
  -0.750   0.3412   0.00521   0.00080  -0.0767  0.3641  0.5012  -0.5731   0.0000   0.4746
  -0.500   0.3684   0.00533   0.00085  -0.0766  0.3322  0.5187  -0.6312   0.0000   0.4573
  -0.250   0.3952   0.00549   0.00092  -0.0763  0.2940  0.5364  -0.6980   0.0000   0.4424
   0.000   0.4224   0.00561   0.00099  -0.0762  0.2635  0.5564  -0.7726   0.0000   0.4294
   0.250   0.4495   0.00576   0.00106  -0.0760  0.2332  0.5695  -0.8547   0.0000   0.4179
   0.500   0.4763   0.00593   0.00115  -0.0758  0.1983  0.5901  -0.9421   0.0000   0.4078
   0.750   0.5035   0.00609   0.00124  -0.0756  0.1720  0.6037  -1.0439   0.0000   0.3987
   1.000   0.5307   0.00622   0.00133  -0.0754  0.1501  0.6210  -1.1482   0.0000   0.3905
   1.250   0.5580   0.00638   0.00143  -0.0753  0.1299  0.6336  -1.2593   0.0000   0.3830
   1.500   0.5849   0.00656   0.00154  -0.0750  0.1061  0.6494  -1.3902   0.0000   0.3763
   1.750   0.6120   0.00674   0.00167  -0.0748  0.0861  0.6587  -1.5234   0.0000   0.3701
   2.000   0.6393   0.00688   0.00178  -0.0747  0.0733  0.6748  -1.6619   0.0000   0.3644
   2.250   0.6666   0.00703   0.00190  -0.0745  0.0640  0.6836  -1.8051   0.0000   0.3592
   2.500   0.6941   0.00716   0.00201  -0.0743  0.0556  0.6954  -1.9523   0.0000   0.3543
   2.750   0.7213   0.00732   0.00215  -0.0741  0.0463  0.7068  -2.1143   0.0000   0.3498
   3.000   0.7484   0.00749   0.00228  -0.0739  0.0398  0.7128  -2.3018   0.0000   0.3456
   3.250   0.7758   0.00763   0.00241  -0.0738  0.0350  0.7214  -2.4956   0.0000   0.3417
   3.500   0.8029   0.00779   0.00257  -0.0735  0.0309  0.7316  -2.6909   0.0000   0.3380
   3.750   0.8301   0.00795   0.00272  -0.0733  0.0263  0.7381  -2.8931   0.0000   0.3346
   4.000   0.8575   0.00810   0.00285  -0.0732  0.0251  0.7416  -3.1029   0.0000   0.3313
   4.250   0.8844   0.00829   0.00302  -0.0729  0.0222  0.7454  -3.3157   0.0000   0.3282
   4.500   0.9113   0.00848   0.00320  -0.0726  0.0184  0.7538  -3.5309   0.0000   0.3253
   4.750   0.9384   0.00862   0.00335  -0.0724  0.0182  0.7598  -3.7567   0.0000   0.3225
   5.000   0.9654   0.00878   0.00352  -0.0722  0.0174  0.7643  -3.9865   0.0000   0.3199
   5.250   0.9919   0.00902   0.00373  -0.0719  0.0150  0.7675  -4.2208   0.0000   0.3173
   5.750   1.0449   0.00947   0.00417  -0.0712  0.0117  0.7707  -4.6869   0.0000   0.3125
   6.000   1.0716   0.00964   0.00434  -0.0709  0.0117  0.7729  -4.9383   0.0000   0.3103
   6.250   1.0982   0.00981   0.00452  -0.0706  0.0116  0.7772  -5.2005   0.0000   0.3081
   6.500   1.1247   0.00999   0.00470  -0.0703  0.0114  0.7805  -5.5080   0.0000   0.3061
   6.750   1.1509   0.01019   0.00490  -0.0700  0.0110  0.7831  -5.8211   0.0000   0.3041
   7.000   1.1768   0.01044   0.00513  -0.0696  0.0101  0.7854  -6.1396   0.0000   0.3021
   7.750   1.2510   0.01161   0.00639  -0.0676  0.0066  0.7910  -7.0496   0.0000   0.2961
   8.000   1.2762   0.01189   0.00669  -0.0670  0.0066  0.7925  -7.3866   0.0000   0.2943
   8.250   1.3014   0.01218   0.00698  -0.0665  0.0066  0.7938  -7.7301   0.0000   0.2926
   8.500   1.3263   0.01246   0.00728  -0.0660  0.0066  0.7949  -8.0801   0.0000   0.2909
   8.750   1.3513   0.01273   0.00756  -0.0654  0.0065  0.7958  -8.4380   0.0000   0.2892
   9.000   1.3760   0.01302   0.00786  -0.0648  0.0065  0.7966  -8.8014   0.0000   0.2876
   9.250   1.4005   0.01330   0.00815  -0.0642  0.0065  0.7973  -9.1709   0.0000   0.2860
   9.500   1.4249   0.01359   0.00845  -0.0636  0.0065  0.7978  -9.5465   0.0000   0.2844
   9.750   1.4491   0.01389   0.00875  -0.0629  0.0065  0.7982  -9.9280   0.0000   0.2828
  10.000   1.4731   0.01418   0.00906  -0.0623  0.0065  0.7985  -10.3153   0.0000   0.2813
  10.250   1.4969   0.01448   0.00937  -0.0615  0.0064  0.7988  -10.7078   0.0000   0.2798
  10.500   1.5205   0.01479   0.00970  -0.0608  0.0064  0.7990  -11.1050   0.0000   0.2783
  10.750   1.5438   0.01509   0.01001  -0.0600  0.0064  0.7996  -11.5069   0.0000   0.2768
  11.000   1.5668   0.01540   0.01033  -0.0592  0.0063  0.8003  -11.9132   0.0000   0.2753
  11.250   1.5896   0.01571   0.01066  -0.0584  0.0062  0.8011  -12.3231   0.0000   0.2738
  11.500   1.6121   0.01604   0.01101  -0.0575  0.0062  0.8018  -12.7361   0.0000   0.2723
  11.750   1.6341   0.01639   0.01137  -0.0565  0.0061  0.8028  -13.1517   0.0000   0.2708
  12.000   1.6558   0.01675   0.01174  -0.0555  0.0059  0.8041  -13.5689   0.0000   0.2694
  12.250   1.6768   0.01714   0.01215  -0.0544  0.0057  0.8057  -13.9850   0.0000   0.2679
  12.500   1.6970   0.01757   0.01259  -0.0532  0.0054  0.8074  -14.3985   0.0000   0.2663
  12.750   1.7161   0.01808   0.01310  -0.0518  0.0050  0.8090  -14.8037   0.0000   0.2647
  13.250   1.7272   0.02100   0.01639  -0.0445  0.0029  0.8117  -15.0479   0.0000   0.2596
  13.500   1.7366   0.02179   0.01727  -0.0415  0.0029  0.8130  -15.3460   0.0000   0.2573
  13.750   1.7451   0.02266   0.01824  -0.0385  0.0029  0.8145  -15.6387   0.0000   0.2550
  14.000   1.7545   0.02349   0.01914  -0.0357  0.0029  0.8162  -15.9543   0.0000   0.2529
  14.250   1.7638   0.02431   0.02002  -0.0331  0.0029  0.8178  -16.2817   0.0000   0.2509
  14.500   1.7742   0.02507   0.02084  -0.0307  0.0029  0.8190  -16.6327   0.0000   0.2490
  14.750   1.7833   0.02592   0.02174  -0.0282  0.0029  0.8200  -16.9719   0.0000   0.2470
  15.000   1.7914   0.02687   0.02275  -0.0258  0.0029  0.8209  -17.3006   0.0000   0.2451


