  -5.000  -0.5505   0.00636   0.00194  -0.0017  0.9470  0.0370  -2.3308   0.0000   0.2421
  -4.950  -0.5452   0.00634   0.00191  -0.0016  0.9444  0.0386  -2.2935   0.0000   0.2423
  -4.900  -0.5397   0.00631   0.00189  -0.0016  0.9427  0.0405  -2.2557   0.0000   0.2423
  -4.850  -0.5343   0.00626   0.00186  -0.0016  0.9406  0.0424  -2.2184   0.0000   0.2424
  -4.800  -0.5290   0.00623   0.00183  -0.0015  0.9381  0.0440  -2.1814   0.0000   0.2425
  -4.750  -0.5236   0.00620   0.00180  -0.0015  0.9352  0.0454  -2.1445   0.0000   0.2426
  -4.700  -0.5183   0.00618   0.00178  -0.0014  0.9319  0.0463  -2.1079   0.0000   0.2427
  -4.650  -0.5130   0.00616   0.00175  -0.0013  0.9285  0.0469  -2.0715   0.0000   0.2429
  -4.600  -0.5077   0.00615   0.00173  -0.0012  0.9248  0.0480  -2.0354   0.0000   0.2431
  -4.550  -0.5022   0.00612   0.00171  -0.0012  0.9224  0.0502  -1.9994   0.0000   0.2431
  -4.500  -0.4967   0.00609   0.00168  -0.0012  0.9203  0.0523  -1.9696   0.0000   0.2432
  -4.450  -0.4913   0.00605   0.00166  -0.0011  0.9176  0.0542  -1.9402   0.0000   0.2433
  -4.400  -0.4859   0.00602   0.00163  -0.0011  0.9143  0.0559  -1.9109   0.0000   0.2433
  -4.350  -0.4805   0.00600   0.00161  -0.0010  0.9106  0.0572  -1.8817   0.0000   0.2435
  -4.300  -0.4751   0.00599   0.00159  -0.0010  0.9064  0.0583  -1.8528   0.0000   0.2436
  -4.250  -0.4698   0.00598   0.00157  -0.0009  0.9019  0.0590  -1.8240   0.0000   0.2438
  -4.200  -0.4642   0.00596   0.00154  -0.0009  0.8992  0.0607  -1.7949   0.0000   0.2438
  -4.150  -0.4587   0.00593   0.00152  -0.0009  0.8966  0.0637  -1.7661   0.0000   0.2438
  -4.100  -0.4533   0.00590   0.00150  -0.0008  0.8934  0.0662  -1.7377   0.0000   0.2439
  -4.050  -0.4478   0.00587   0.00147  -0.0008  0.8896  0.0685  -1.7094   0.0000   0.2440
  -4.000  -0.4424   0.00585   0.00145  -0.0008  0.8853  0.0703  -1.6812   0.0000   0.2441
  -3.950  -0.4370   0.00584   0.00143  -0.0007  0.8804  0.0716  -1.6533   0.0000   0.2443
  -3.900  -0.4316   0.00583   0.00141  -0.0007  0.8760  0.0725  -1.6252   0.0000   0.2443
  -3.850  -0.4260   0.00580   0.00139  -0.0007  0.8733  0.0759  -1.5971   0.0000   0.2444
  -3.800  -0.4205   0.00577   0.00137  -0.0006  0.8698  0.0793  -1.5696   0.0000   0.2444
  -3.750  -0.4151   0.00574   0.00135  -0.0006  0.8655  0.0822  -1.5423   0.0000   0.2445
  -3.700  -0.4097   0.00572   0.00132  -0.0006  0.8606  0.0846  -1.5152   0.0000   0.2446
  -3.650  -0.4042   0.00571   0.00131  -0.0005  0.8553  0.0862  -1.4882   0.0000   0.2447
  -3.600  -0.3987   0.00570   0.00128  -0.0005  0.8507  0.0886  -1.4628   0.0000   0.2448
  -3.550  -0.3932   0.00567   0.00126  -0.0005  0.8479  0.0930  -1.4357   0.0000   0.2448
  -3.500  -0.3877   0.00563   0.00123  -0.0005  0.8443  0.0973  -1.4090   0.0000   0.2449
  -3.450  -0.3823   0.00560   0.00121  -0.0004  0.8396  0.1008  -1.3823   0.0000   0.2450
  -3.350  -0.3715   0.00557   0.00117  -0.0003  0.8279  0.1097  -1.3297   0.0000   0.2452
  -3.300  -0.3661   0.00553   0.00114  -0.0003  0.8235  0.1147  -1.3036   0.0000   0.2453
  -3.250  -0.3605   0.00550   0.00113  -0.0003  0.8202  0.1179  -1.2773   0.0000   0.2453
  -3.200  -0.3549   0.00549   0.00111  -0.0003  0.8160  0.1196  -1.2509   0.0000   0.2454
  -3.150  -0.3494   0.00548   0.00109  -0.0003  0.8111  0.1244  -1.2249   0.0000   0.2454
  -3.100  -0.3440   0.00545   0.00107  -0.0002  0.8053  0.1294  -1.1995   0.0000   0.2456
  -3.050  -0.3386   0.00543   0.00106  -0.0002  0.7988  0.1332  -1.1778   0.0000   0.2457
  -3.000  -0.3330   0.00541   0.00104  -0.0002  0.7953  0.1359  -1.1564   0.0000   0.2457
  -2.950  -0.3274   0.00540   0.00102  -0.0002  0.7914  0.1378  -1.1350   0.0000   0.2457
  -2.900  -0.3218   0.00538   0.00101  -0.0002  0.7864  0.1435  -1.1140   0.0000   0.2457
  -2.850  -0.3164   0.00536   0.00099  -0.0002  0.7804  0.1487  -1.0933   0.0000   0.2458
  -2.800  -0.3110   0.00535   0.00097  -0.0001  0.7736  0.1526  -1.0727   0.0000   0.2459
  -2.750  -0.3054   0.00533   0.00096  -0.0001  0.7688  0.1553  -1.0517   0.0000   0.2460
  -2.700  -0.2998   0.00532   0.00095  -0.0001  0.7655  0.1580  -1.0308   0.0000   0.2459
  -2.650  -0.2942   0.00529   0.00093  -0.0001  0.7611  0.1644  -1.0103   0.0000   0.2460
  -2.600  -0.2888   0.00527   0.00091  -0.0001  0.7556  0.1695  -0.9901   0.0000   0.2461
  -2.550  -0.2833   0.00526   0.00090  -0.0001  0.7490  0.1737  -0.9699   0.0000   0.2462
  -2.500  -0.2778   0.00526   0.00089  -0.0001  0.7418  0.1765  -0.9496   0.0000   0.2462
  -2.450  -0.2723   0.00522   0.00087  -0.0001  0.7385  0.1854  -0.9295   0.0000   0.2463
  -2.400  -0.2668   0.00518   0.00085  -0.0001  0.7343  0.1925  -0.9097   0.0000   0.2463
  -2.350  -0.2613   0.00517   0.00084  -0.0000  0.7289  0.1967  -0.8897   0.0000   0.2464
  -2.300  -0.2558   0.00516   0.00083  -0.0000  0.7228  0.2031  -0.8707   0.0000   0.2464
  -2.250  -0.2504   0.00513   0.00081  -0.0000  0.7157  0.2105  -0.8544   0.0000   0.2466
  -2.200  -0.2448   0.00511   0.00079  -0.0000  0.7112  0.2152  -0.8377   0.0000   0.2466
  -2.150  -0.2392   0.00510   0.00078  -0.0000  0.7076  0.2181  -0.8209   0.0000   0.2465
  -2.100  -0.2335   0.00509   0.00078  -0.0000  0.7026  0.2211  -0.8043   0.0000   0.2465
  -2.050  -0.2281   0.00508   0.00076  -0.0000  0.6963  0.2289  -0.7881   0.0000   0.2466
  -2.000  -0.2227   0.00506   0.00075   0.0000  0.6890  0.2358  -0.7720   0.0000   0.2468
  -1.950  -0.2171   0.00504   0.00074   0.0000  0.6829  0.2407  -0.7557   0.0000   0.2468
  -1.900  -0.2115   0.00503   0.00073   0.0000  0.6797  0.2467  -0.7393   0.0000   0.2468
  -1.850  -0.2060   0.00499   0.00071   0.0000  0.6754  0.2557  -0.7233   0.0000   0.2468
  -1.800  -0.2005   0.00497   0.00070   0.0000  0.6698  0.2610  -0.7069   0.0000   0.2469
  -1.750  -0.1949   0.00498   0.00069   0.0000  0.6632  0.2646  -0.6914   0.0000   0.2469
  -1.700  -0.1894   0.00498   0.00068   0.0000  0.6554  0.2687  -0.6777   0.0000   0.2469
  -1.650  -0.1838   0.00495   0.00067   0.0000  0.6517  0.2756  -0.6641   0.0000   0.2470
  -1.600  -0.1782   0.00493   0.00066   0.0000  0.6476  0.2813  -0.6505   0.0000   0.2470
  -1.550  -0.1727   0.00492   0.00065   0.0000  0.6421  0.2867  -0.6370   0.0000   0.2470
  -1.500  -0.1671   0.00492   0.00064   0.0000  0.6357  0.2901  -0.6235   0.0000   0.2470
  -1.450  -0.1616   0.00491   0.00064   0.0001  0.6283  0.2990  -0.6102   0.0000   0.2471
  -1.400  -0.1561   0.00488   0.00062   0.0001  0.6236  0.3070  -0.5970   0.0000   0.2472
  -1.350  -0.1505   0.00486   0.00062   0.0001  0.6201  0.3123  -0.5842   0.0000   0.2472
  -1.300  -0.1449   0.00486   0.00061   0.0000  0.6152  0.3152  -0.5725   0.0000   0.2471
  -1.250  -0.1393   0.00486   0.00061   0.0000  0.6088  0.3212  -0.5610   0.0000   0.2472
  -1.200  -0.1339   0.00485   0.00060   0.0001  0.6012  0.3284  -0.5496   0.0000   0.2473
  -1.150  -0.1283   0.00484   0.00059   0.0001  0.5948  0.3346  -0.5382   0.0000   0.2473
  -1.100  -0.1226   0.00483   0.00058   0.0001  0.5917  0.3392  -0.5267   0.0000   0.2473
  -1.050  -0.1170   0.00482   0.00058   0.0000  0.5874  0.3438  -0.5157   0.0000   0.2472
  -1.000  -0.1115   0.00480   0.00057   0.0000  0.5818  0.3529  -0.5058   0.0000   0.2473
  -0.950  -0.1061   0.00480   0.00057   0.0001  0.5748  0.3595  -0.4959   0.0000   0.2474
  -0.900  -0.1005   0.00480   0.00056   0.0001  0.5668  0.3641  -0.4860   0.0000   0.2475
  -0.850  -0.0948   0.00479   0.00056   0.0000  0.5634  0.3672  -0.4759   0.0000   0.2473
  -0.800  -0.0891   0.00479   0.00056   0.0000  0.5592  0.3737  -0.4663   0.0000   0.2473
  -0.750  -0.0837   0.00477   0.00055   0.0000  0.5537  0.3819  -0.4576   0.0000   0.2474
  -0.700  -0.0782   0.00476   0.00055   0.0000  0.5472  0.3884  -0.4489   0.0000   0.2475
  -0.650  -0.0726   0.00477   0.00054   0.0000  0.5393  0.3926  -0.4401   0.0000   0.2475
  -0.600  -0.0669   0.00477   0.00054   0.0000  0.5351  0.3962  -0.4313   0.0000   0.2474
  -0.550  -0.0613   0.00475   0.00054   0.0000  0.5314  0.4043  -0.4232   0.0000   0.2473
  -0.500  -0.0558   0.00474   0.00053   0.0000  0.5260  0.4115  -0.4154   0.0000   0.2475
  -0.450  -0.0503   0.00474   0.00053   0.0000  0.5192  0.4171  -0.4076   0.0000   0.2476
  -0.400  -0.0447   0.00475   0.00053   0.0000  0.5112  0.4209  -0.3998   0.0000   0.2476
  -0.350  -0.0390   0.00475   0.00053   0.0000  0.5064  0.4258  -0.3922   0.0000   0.2474
  -0.300  -0.0334   0.00473   0.00052   0.0000  0.5030  0.4341  -0.3852   0.0000   0.2474
  -0.250  -0.0279   0.00472   0.00052   0.0000  0.4981  0.4406  -0.3782   0.0000   0.2475
  -0.200  -0.0223   0.00472   0.00052   0.0000  0.4915  0.4458  -0.3712   0.0000   0.2477
  -0.150  -0.0168   0.00474   0.00052   0.0000  0.4832  0.4493  -0.3642   0.0000   0.2478
  -0.100  -0.0111   0.00474   0.00052   0.0000  0.4777  0.4549  -0.3577   0.0000   0.2472
  -0.050  -0.0056   0.00472   0.00052   0.0000  0.4744  0.4630  -0.3514   0.0000   0.2469
   0.000   0.0000   0.00471   0.00052  -0.0000  0.4696  0.4696  -0.3451   0.0000   0.4220
   0.050   0.0056   0.00472   0.00052  -0.0000  0.4630  0.4744  -0.3514   0.0000   0.2469
   0.100   0.0111   0.00474   0.00052  -0.0000  0.4549  0.4777  -0.3577   0.0000   0.2472
   0.150   0.0168   0.00474   0.00052  -0.0000  0.4493  0.4832  -0.3642   0.0000   0.2478
   0.200   0.0223   0.00472   0.00052  -0.0000  0.4458  0.4915  -0.3712   0.0000   0.2477
   0.250   0.0279   0.00472   0.00052  -0.0000  0.4406  0.4981  -0.3782   0.0000   0.2475
   0.300   0.0334   0.00473   0.00052  -0.0000  0.4341  0.5030  -0.3852   0.0000   0.2474
   0.350   0.0390   0.00475   0.00053  -0.0000  0.4257  0.5064  -0.3922   0.0000   0.2474
   0.400   0.0447   0.00475   0.00053  -0.0000  0.4209  0.5112  -0.3998   0.0000   0.2476
   0.450   0.0503   0.00474   0.00053  -0.0000  0.4171  0.5192  -0.4076   0.0000   0.2476
   0.500   0.0558   0.00474   0.00053  -0.0000  0.4115  0.5260  -0.4154   0.0000   0.2475
   0.550   0.0613   0.00475   0.00054  -0.0000  0.4043  0.5314  -0.4232   0.0000   0.2473
   0.600   0.0669   0.00477   0.00054  -0.0000  0.3961  0.5351  -0.4313   0.0000   0.2474
   0.650   0.0726   0.00477   0.00054  -0.0000  0.3926  0.5394  -0.4401   0.0000   0.2476
   0.700   0.0782   0.00476   0.00055  -0.0000  0.3884  0.5472  -0.4489   0.0000   0.2475
   0.750   0.0837   0.00477   0.00055  -0.0000  0.3818  0.5537  -0.4576   0.0000   0.2474
   0.800   0.0891   0.00479   0.00056  -0.0000  0.3737  0.5592  -0.4663   0.0000   0.2473
   0.850   0.0948   0.00479   0.00056  -0.0000  0.3672  0.5634  -0.4759   0.0000   0.2473
   0.900   0.1005   0.00480   0.00056  -0.0001  0.3641  0.5668  -0.4860   0.0000   0.2475
   0.950   0.1061   0.00480   0.00057  -0.0001  0.3595  0.5749  -0.4960   0.0000   0.2474
   1.000   0.1115   0.00480   0.00057  -0.0000  0.3529  0.5818  -0.5058   0.0000   0.2473
   1.050   0.1170   0.00482   0.00058  -0.0000  0.3438  0.5874  -0.5157   0.0000   0.2472
   1.100   0.1226   0.00483   0.00058  -0.0001  0.3392  0.5917  -0.5267   0.0000   0.2473
   1.150   0.1283   0.00484   0.00059  -0.0001  0.3346  0.5948  -0.5382   0.0000   0.2473
   1.200   0.1339   0.00485   0.00060  -0.0001  0.3284  0.6012  -0.5496   0.0000   0.2473
   1.250   0.1393   0.00486   0.00061  -0.0000  0.3212  0.6088  -0.5610   0.0000   0.2472
   1.300   0.1449   0.00486   0.00061  -0.0000  0.3152  0.6152  -0.5725   0.0000   0.2471
   1.350   0.1505   0.00486   0.00062  -0.0001  0.3123  0.6201  -0.5842   0.0000   0.2472
   1.400   0.1561   0.00488   0.00062  -0.0001  0.3070  0.6236  -0.5970   0.0000   0.2472
   1.450   0.1616   0.00491   0.00064  -0.0001  0.2991  0.6283  -0.6103   0.0000   0.2471
   1.500   0.1671   0.00492   0.00064  -0.0000  0.2901  0.6357  -0.6235   0.0000   0.2470
   1.550   0.1727   0.00492   0.00065  -0.0000  0.2867  0.6421  -0.6370   0.0000   0.2470
   1.600   0.1782   0.00493   0.00066  -0.0000  0.2813  0.6476  -0.6505   0.0000   0.2470
   1.650   0.1838   0.00495   0.00067  -0.0000  0.2756  0.6517  -0.6641   0.0000   0.2470
   1.700   0.1894   0.00498   0.00068  -0.0000  0.2686  0.6554  -0.6777   0.0000   0.2470
   1.750   0.1949   0.00498   0.00069  -0.0000  0.2646  0.6632  -0.6914   0.0000   0.2469
   1.800   0.2005   0.00497   0.00070  -0.0000  0.2610  0.6698  -0.7069   0.0000   0.2469
   1.850   0.2060   0.00499   0.00071  -0.0000  0.2556  0.6754  -0.7233   0.0000   0.2468
   1.900   0.2115   0.00503   0.00073  -0.0000  0.2467  0.6796  -0.7393   0.0000   0.2468
   1.950   0.2171   0.00504   0.00074  -0.0000  0.2407  0.6829  -0.7557   0.0000   0.2468
   2.000   0.2227   0.00506   0.00075  -0.0000  0.2358  0.6890  -0.7720   0.0000   0.2468
   2.050   0.2281   0.00508   0.00076  -0.0000  0.2289  0.6963  -0.7881   0.0000   0.2466
   2.100   0.2335   0.00509   0.00078   0.0000  0.2211  0.7026  -0.8043   0.0000   0.2465
   2.150   0.2392   0.00510   0.00078   0.0000  0.2181  0.7076  -0.8210   0.0000   0.2465
   2.200   0.2448   0.00511   0.00079   0.0000  0.2152  0.7112  -0.8377   0.0000   0.2466
   2.250   0.2504   0.00513   0.00081   0.0000  0.2105  0.7157  -0.8544   0.0000   0.2466
   2.300   0.2558   0.00516   0.00083   0.0000  0.2031  0.7228  -0.8707   0.0000   0.2464
   2.350   0.2613   0.00517   0.00084   0.0000  0.1967  0.7289  -0.8897   0.0000   0.2464
   2.400   0.2668   0.00518   0.00085   0.0001  0.1925  0.7343  -0.9097   0.0000   0.2463
   2.450   0.2723   0.00522   0.00087   0.0001  0.1854  0.7385  -0.9295   0.0000   0.2463
   2.550   0.2833   0.00526   0.00090   0.0001  0.1737  0.7490  -0.9699   0.0000   0.2462
   2.600   0.2888   0.00527   0.00091   0.0001  0.1695  0.7556  -0.9901   0.0000   0.2461
   2.650   0.2942   0.00529   0.00093   0.0001  0.1644  0.7611  -1.0104   0.0000   0.2460
   2.700   0.2998   0.00532   0.00095   0.0001  0.1580  0.7655  -1.0308   0.0000   0.2460
   2.750   0.3054   0.00533   0.00096   0.0001  0.1553  0.7688  -1.0518   0.0000   0.2460
   2.800   0.3110   0.00535   0.00097   0.0001  0.1526  0.7736  -1.0727   0.0000   0.2460
   2.850   0.3165   0.00536   0.00099   0.0002  0.1487  0.7804  -1.0934   0.0000   0.2459
   2.900   0.3219   0.00538   0.00101   0.0002  0.1435  0.7864  -1.1140   0.0000   0.2457
   2.950   0.3274   0.00540   0.00102   0.0002  0.1378  0.7914  -1.1350   0.0000   0.2457
   3.000   0.3330   0.00541   0.00104   0.0002  0.1359  0.7953  -1.1564   0.0000   0.2457
   3.050   0.3386   0.00543   0.00106   0.0002  0.1332  0.7988  -1.1778   0.0000   0.2457
   3.100   0.3440   0.00545   0.00107   0.0002  0.1294  0.8053  -1.1996   0.0000   0.2456
   3.150   0.3494   0.00548   0.00109   0.0003  0.1244  0.8111  -1.2250   0.0000   0.2454
   3.200   0.3549   0.00549   0.00111   0.0003  0.1196  0.8160  -1.2509   0.0000   0.2454
   3.250   0.3605   0.00550   0.00113   0.0003  0.1179  0.8202  -1.2773   0.0000   0.2454
   3.300   0.3661   0.00553   0.00114   0.0003  0.1147  0.8235  -1.3037   0.0000   0.2453
   3.350   0.3715   0.00557   0.00117   0.0003  0.1097  0.8279  -1.3298   0.0000   0.2452
   3.400   0.3768   0.00559   0.00119   0.0004  0.1030  0.8341  -1.3557   0.0000   0.2451
   3.450   0.3823   0.00560   0.00121   0.0004  0.1008  0.8396  -1.3824   0.0000   0.2450
   3.500   0.3878   0.00563   0.00123   0.0004  0.0973  0.8443  -1.4091   0.0000   0.2449
   3.550   0.3932   0.00567   0.00126   0.0005  0.0930  0.8479  -1.4358   0.0000   0.2449
   3.600   0.3987   0.00570   0.00128   0.0005  0.0886  0.8507  -1.4629   0.0000   0.2448
   3.650   0.4043   0.00571   0.00131   0.0005  0.0862  0.8553  -1.4883   0.0000   0.2448
   3.700   0.4097   0.00572   0.00132   0.0006  0.0846  0.8606  -1.5152   0.0000   0.2446
   3.750   0.4151   0.00574   0.00135   0.0006  0.0822  0.8655  -1.5424   0.0000   0.2445
   3.800   0.4205   0.00577   0.00137   0.0006  0.0793  0.8698  -1.5696   0.0000   0.2444
   3.850   0.4260   0.00580   0.00139   0.0007  0.0759  0.8733  -1.5972   0.0000   0.2444
   3.900   0.4316   0.00583   0.00141   0.0007  0.0725  0.8760  -1.6252   0.0000   0.2443
   3.950   0.4371   0.00584   0.00143   0.0007  0.0716  0.8804  -1.6533   0.0000   0.2443
   4.000   0.4425   0.00585   0.00145   0.0007  0.0703  0.8853  -1.6813   0.0000   0.2441
   4.050   0.4479   0.00587   0.00147   0.0008  0.0685  0.8896  -1.7094   0.0000   0.2440
   4.100   0.4533   0.00590   0.00150   0.0008  0.0662  0.8934  -1.7377   0.0000   0.2439
   4.150   0.4587   0.00593   0.00152   0.0009  0.0637  0.8966  -1.7662   0.0000   0.2439
   4.200   0.4643   0.00596   0.00154   0.0009  0.0607  0.8992  -1.7950   0.0000   0.2438
   4.250   0.4698   0.00598   0.00157   0.0009  0.0590  0.9020  -1.8241   0.0000   0.2438
   4.300   0.4752   0.00599   0.00159   0.0010  0.0583  0.9064  -1.8529   0.0000   0.2436
   4.350   0.4805   0.00600   0.00161   0.0010  0.0572  0.9106  -1.8818   0.0000   0.2435
   4.400   0.4859   0.00602   0.00163   0.0011  0.0559  0.9143  -1.9109   0.0000   0.2434
   4.450   0.4913   0.00605   0.00166   0.0011  0.0542  0.9176  -1.9403   0.0000   0.2433
   4.500   0.4967   0.00609   0.00168   0.0012  0.0523  0.9203  -1.9697   0.0000   0.2432
   4.550   0.5022   0.00612   0.00171   0.0012  0.0502  0.9224  -1.9994   0.0000   0.2431
   4.600   0.5077   0.00615   0.00173   0.0012  0.0480  0.9248  -2.0355   0.0000   0.2431
   4.650   0.5130   0.00616   0.00175   0.0013  0.0469  0.9285  -2.0716   0.0000   0.2429
   4.700   0.5183   0.00618   0.00178   0.0014  0.0463  0.9319  -2.1080   0.0000   0.2427
   4.750   0.5236   0.00620   0.00180   0.0014  0.0454  0.9352  -2.1446   0.0000   0.2426
   4.800   0.5290   0.00623   0.00183   0.0015  0.0440  0.9381  -2.1815   0.0000   0.2425
   4.850   0.5344   0.00626   0.00186   0.0016  0.0424  0.9406  -2.2185   0.0000   0.2424
   4.900   0.5398   0.00631   0.00189   0.0016  0.0405  0.9427  -2.2558   0.0000   0.2423
   4.950   0.5453   0.00634   0.00191   0.0016  0.0386  0.9444  -2.2936   0.0000   0.2423
   5.000   0.5505   0.00636   0.00194   0.0017  0.0370  0.9470  -2.3309   0.0000   0.2421
   5.050   0.5558   0.00638   0.00196   0.0018  0.0363  0.9498  -2.3684   0.0000   0.2419
   5.100   0.5610   0.00640   0.00198   0.0019  0.0360  0.9525  -2.4063   0.0000   0.2418
   5.150   0.5664   0.00642   0.00201   0.0020  0.0356  0.9550  -2.4446   0.0000   0.2417
   5.200   0.5717   0.00644   0.00203   0.0020  0.0351  0.9574  -2.4832   0.0000   0.2415
   5.250   0.5771   0.00647   0.00206   0.0021  0.0345  0.9595  -2.5221   0.0000   0.2414
   5.300   0.5825   0.00650   0.00208   0.0021  0.0337  0.9613  -2.5612   0.0000   0.2414
   5.350   0.5879   0.00654   0.00211   0.0022  0.0328  0.9628  -2.6005   0.0000   0.2413
   5.400   0.5932   0.00658   0.00215   0.0022  0.0317  0.9645  -2.6373   0.0000   0.2412
   5.450   0.5984   0.00661   0.00218   0.0023  0.0307  0.9666  -2.6758   0.0000   0.2410
   5.500   0.6037   0.00664   0.00221   0.0024  0.0295  0.9687  -2.7147   0.0000   0.2409
   5.550   0.6090   0.00667   0.00224   0.0025  0.0283  0.9706  -2.7541   0.0000   0.2408
   5.600   0.6143   0.00670   0.00227   0.0025  0.0273  0.9725  -2.7939   0.0000   0.2407
   5.650   0.6197   0.00673   0.00229   0.0026  0.0269  0.9743  -2.8342   0.0000   0.2406
   5.700   0.6251   0.00675   0.00231   0.0026  0.0268  0.9759  -2.8751   0.0000   0.2405
   5.750   0.6305   0.00677   0.00234   0.0027  0.0266  0.9774  -2.9161   0.0000   0.2404
   5.800   0.6359   0.00680   0.00236   0.0027  0.0264  0.9787  -2.9572   0.0000   0.2403
   5.850   0.6413   0.00683   0.00239   0.0028  0.0261  0.9799  -2.9985   0.0000   0.2402
   5.900   0.6471   0.00686   0.00241   0.0027  0.0257  0.9810  -3.0417   0.0000   0.2403
   5.950   0.6530   0.00689   0.00244   0.0027  0.0252  0.9821  -3.0853   0.0000   0.2404
   6.000   0.6589   0.00692   0.00247   0.0026  0.0247  0.9831  -3.1292   0.0000   0.2405
   6.050   0.6648   0.00696   0.00250   0.0025  0.0241  0.9842  -3.1732   0.0000   0.2406
   6.100   0.6707   0.00700   0.00254   0.0024  0.0234  0.9852  -3.2173   0.0000   0.2407
   6.150   0.6765   0.00705   0.00257   0.0024  0.0227  0.9862  -3.2615   0.0000   0.2408
   6.200   0.6824   0.00709   0.00261   0.0023  0.0219  0.9872  -3.3056   0.0000   0.2409
   6.250   0.6882   0.00713   0.00264   0.0023  0.0210  0.9882  -3.3498   0.0000   0.2410
   6.300   0.6939   0.00717   0.00268   0.0022  0.0201  0.9891  -3.3937   0.0000   0.2410
   6.350   0.6995   0.00721   0.00271   0.0022  0.0194  0.9901  -3.4370   0.0000   0.2410
   6.400   0.7051   0.00724   0.00275   0.0022  0.0188  0.9910  -3.4803   0.0000   0.2410
   6.450   0.7106   0.00727   0.00277   0.0022  0.0188  0.9918  -3.5250   0.0000   0.2409
   6.500   0.7160   0.00730   0.00280   0.0023  0.0188  0.9926  -3.5695   0.0000   0.2409
   6.550   0.7223   0.00732   0.00283   0.0021  0.0187  0.9930  -3.6174   0.0000   0.2411
   6.600   0.7287   0.00735   0.00286   0.0019  0.0187  0.9933  -3.6664   0.0000   0.2413
   6.650   0.7352   0.00738   0.00289   0.0017  0.0186  0.9936  -3.7156   0.0000   0.2416
   6.700   0.7416   0.00742   0.00292   0.0015  0.0185  0.9939  -3.7649   0.0000   0.2418
   6.750   0.7480   0.00745   0.00295   0.0013  0.0184  0.9942  -3.8144   0.0000   0.2421
   6.800   0.7544   0.00748   0.00298   0.0011  0.0182  0.9945  -3.8641   0.0000   0.2423
   6.850   0.7608   0.00752   0.00301   0.0009  0.0180  0.9947  -3.9138   0.0000   0.2425
   6.900   0.7671   0.00756   0.00304   0.0007  0.0176  0.9950  -3.9638   0.0000   0.2427
   6.950   0.7735   0.00760   0.00308   0.0005  0.0172  0.9952  -4.0138   0.0000   0.2429
   7.000   0.7798   0.00765   0.00312   0.0004  0.0168  0.9954  -4.0639   0.0000   0.2431
   7.050   0.7860   0.00771   0.00317   0.0002  0.0160  0.9956  -4.1162   0.0000   0.2433
   7.100   0.7923   0.00776   0.00322   0.0000  0.0155  0.9958  -4.1665   0.0000   0.2435
   7.150   0.7986   0.00781   0.00326  -0.0002  0.0149  0.9960  -4.2163   0.0000   0.2437
   7.200   0.8048   0.00787   0.00331  -0.0003  0.0141  0.9963  -4.2652   0.0000   0.2438
   7.250   0.8111   0.00793   0.00337  -0.0005  0.0131  0.9965  -4.3115   0.0000   0.2440
   7.300   0.8173   0.00800   0.00344  -0.0006  0.0125  0.9967  -4.3563   0.0000   0.2441
   7.350   0.8235   0.00806   0.00351  -0.0008  0.0121  0.9970  -4.4026   0.0000   0.2442
   7.400   0.8298   0.00809   0.00354  -0.0010  0.0121  0.9972  -4.4551   0.0000   0.2444
   7.450   0.8360   0.00813   0.00358  -0.0011  0.0121  0.9974  -4.5079   0.0000   0.2445
   7.500   0.8423   0.00816   0.00361  -0.0013  0.0121  0.9976  -4.5608   0.0000   0.2446
   7.550   0.8486   0.00820   0.00364  -0.0015  0.0121  0.9978  -4.6141   0.0000   0.2448
   7.600   0.8548   0.00823   0.00368  -0.0016  0.0121  0.9980  -4.6675   0.0000   0.2449
   7.650   0.8611   0.00826   0.00371  -0.0018  0.0121  0.9982  -4.7212   0.0000   0.2450
   7.700   0.8673   0.00830   0.00374  -0.0020  0.0121  0.9984  -4.7752   0.0000   0.2452
   7.750   0.8736   0.00833   0.00378  -0.0021  0.0121  0.9986  -4.8293   0.0000   0.2453
   7.800   0.8798   0.00837   0.00381  -0.0023  0.0121  0.9988  -4.8836   0.0000   0.2454
   7.850   0.8860   0.00840   0.00384  -0.0024  0.0121  0.9989  -4.9382   0.0000   0.2455
   7.900   0.8922   0.00844   0.00388  -0.0026  0.0120  0.9991  -4.9930   0.0000   0.2456
   7.950   0.8985   0.00848   0.00391  -0.0028  0.0120  0.9992  -5.0481   0.0000   0.2457
   8.000   0.9047   0.00851   0.00395  -0.0029  0.0120  0.9994  -5.1101   0.0000   0.2458
   8.050   0.9109   0.00855   0.00398  -0.0031  0.0120  0.9995  -5.1755   0.0000   0.2459
   8.100   0.9171   0.00858   0.00402  -0.0033  0.0120  0.9996  -5.2411   0.0000   0.2460
   8.150   0.9233   0.00862   0.00405  -0.0034  0.0119  0.9997  -5.3070   0.0000   0.2461
   8.200   0.9295   0.00866   0.00409  -0.0036  0.0119  0.9999  -5.3732   0.0000   0.2462
   8.250   0.9357   0.00870   0.00413  -0.0037  0.0118  1.0000  -5.4397   0.0000   0.2463
   8.300   0.9413   0.00873   0.00416  -0.0038  0.0118  1.0000  -5.5032   0.0000   0.2462
   8.350   0.9460   0.00877   0.00420  -0.0036  0.0117  1.0000  -5.5620   0.0000   0.2460
   8.400   0.9508   0.00881   0.00423  -0.0034  0.0116  1.0000  -5.6212   0.0000   0.2457
   8.450   0.9555   0.00884   0.00427  -0.0033  0.0116  1.0000  -5.6806   0.0000   0.2455
   8.500   0.9603   0.00888   0.00431  -0.0031  0.0115  1.0000  -5.7402   0.0000   0.2452
   8.550   0.9650   0.00892   0.00435  -0.0029  0.0113  1.0000  -5.8001   0.0000   0.2450
   8.600   0.9698   0.00896   0.00439  -0.0028  0.0112  1.0000  -5.8602   0.0000   0.2448
   8.650   0.9745   0.00901   0.00443  -0.0026  0.0110  1.0000  -5.9205   0.0000   0.2445
   8.700   0.9793   0.00906   0.00448  -0.0025  0.0108  1.0000  -5.9825   0.0000   0.2443
   8.750   0.9840   0.00911   0.00452  -0.0023  0.0105  1.0000  -6.0432   0.0000   0.2441
   8.800   0.9888   0.00916   0.00457  -0.0021  0.0103  1.0000  -6.1038   0.0000   0.2438
   8.850   0.9935   0.00922   0.00463  -0.0020  0.0100  1.0000  -6.1641   0.0000   0.2436
   8.900   0.9981   0.00929   0.00469  -0.0018  0.0096  1.0000  -6.2237   0.0000   0.2434
   9.000   1.0062   0.00962   0.00506  -0.0012  0.0072  1.0000  -6.3020   0.0000   0.2426
   9.050   1.0108   0.00970   0.00515  -0.0010  0.0071  1.0000  -6.3580   0.0000   0.2424
   9.100   1.0155   0.00978   0.00525  -0.0008  0.0070  1.0000  -6.4148   0.0000   0.2421
   9.150   1.0201   0.00986   0.00534  -0.0006  0.0070  1.0000  -6.4722   0.0000   0.2419
   9.200   1.0248   0.00994   0.00544  -0.0005  0.0069  1.0000  -6.5300   0.0000   0.2417
   9.250   1.0295   0.01003   0.00554  -0.0003  0.0069  1.0000  -6.5882   0.0000   0.2414
   9.300   1.0342   0.01011   0.00563  -0.0001  0.0069  1.0000  -6.6474   0.0000   0.2412
   9.350   1.0391   0.01016   0.00569  -0.0000  0.0069  1.0000  -6.7112   0.0000   0.2410
   9.400   1.0440   0.01022   0.00575   0.0001  0.0069  1.0000  -6.7753   0.0000   0.2409
   9.450   1.0490   0.01027   0.00580   0.0002  0.0069  1.0000  -6.8398   0.0000   0.2407
   9.500   1.0539   0.01033   0.00586   0.0003  0.0069  1.0000  -6.9047   0.0000   0.2405
   9.550   1.0589   0.01038   0.00592   0.0004  0.0069  1.0000  -6.9699   0.0000   0.2404
   9.600   1.0639   0.01044   0.00598   0.0005  0.0069  1.0000  -7.0355   0.0000   0.2402
   9.650   1.0689   0.01049   0.00604   0.0006  0.0069  1.0000  -7.1014   0.0000   0.2401
   9.700   1.0739   0.01055   0.00610   0.0007  0.0069  1.0000  -7.1677   0.0000   0.2399
   9.750   1.0789   0.01061   0.00616   0.0008  0.0069  1.0000  -7.2343   0.0000   0.2398
   9.800   1.0839   0.01066   0.00622   0.0009  0.0069  1.0000  -7.3013   0.0000   0.2396
   9.850   1.0889   0.01072   0.00628   0.0010  0.0069  1.0000  -7.3686   0.0000   0.2395
   9.900   1.0940   0.01078   0.00634   0.0010  0.0069  1.0000  -7.4363   0.0000   0.2394
   9.950   1.0990   0.01084   0.00640   0.0011  0.0069  1.0000  -7.5042   0.0000   0.2392
  10.000   1.1040   0.01089   0.00646   0.0012  0.0069  1.0000  -7.5725   0.0000   0.2391
  10.050   1.1091   0.01095   0.00652   0.0013  0.0069  1.0000  -7.6412   0.0000   0.2390
  10.100   1.1141   0.01101   0.00658   0.0014  0.0069  1.0000  -7.7101   0.0000   0.2388
  10.150   1.1192   0.01107   0.00664   0.0014  0.0069  1.0000  -7.7793   0.0000   0.2387
  10.200   1.1242   0.01112   0.00670   0.0015  0.0069  1.0000  -7.8489   0.0000   0.2386
  10.250   1.1293   0.01118   0.00677   0.0016  0.0068  1.0000  -7.9188   0.0000   0.2384
  10.300   1.1343   0.01124   0.00683   0.0017  0.0068  1.0000  -7.9890   0.0000   0.2383
  10.350   1.1394   0.01130   0.00689   0.0017  0.0068  1.0000  -8.0595   0.0000   0.2382
  10.400   1.1444   0.01135   0.00695   0.0018  0.0068  1.0000  -8.1304   0.0000   0.2381
  10.450   1.1496   0.01140   0.00700   0.0019  0.0068  1.0000  -8.2024   0.0000   0.2379
  10.500   1.1547   0.01145   0.00705   0.0019  0.0068  1.0000  -8.2742   0.0000   0.2378
  10.550   1.1597   0.01151   0.00711   0.0020  0.0068  1.0000  -8.3462   0.0000   0.2377
  10.600   1.1648   0.01156   0.00717   0.0021  0.0068  1.0000  -8.4184   0.0000   0.2376
  10.650   1.1699   0.01162   0.00723   0.0021  0.0068  1.0000  -8.4908   0.0000   0.2375
  10.700   1.1749   0.01168   0.00728   0.0022  0.0068  1.0000  -8.5636   0.0000   0.2374
  10.750   1.1800   0.01173   0.00734   0.0023  0.0068  1.0000  -8.6366   0.0000   0.2372
  10.800   1.1850   0.01179   0.00740   0.0023  0.0068  1.0000  -8.7099   0.0000   0.2371
  10.850   1.1901   0.01185   0.00746   0.0024  0.0068  1.0000  -8.7835   0.0000   0.2370
  10.900   1.1952   0.01191   0.00752   0.0025  0.0068  1.0000  -8.8574   0.0000   0.2369
  10.950   1.2002   0.01196   0.00758   0.0025  0.0068  1.0000  -8.9316   0.0000   0.2368
  11.000   1.2053   0.01202   0.00764   0.0026  0.0068  1.0000  -9.0060   0.0000   0.2366
  11.050   1.2103   0.01208   0.00770   0.0027  0.0068  1.0000  -9.0808   0.0000   0.2365
  11.100   1.2154   0.01214   0.00776   0.0027  0.0068  1.0000  -9.1558   0.0000   0.2364
  11.150   1.2204   0.01219   0.00782   0.0028  0.0068  1.0000  -9.2311   0.0000   0.2363
  11.200   1.2254   0.01225   0.00788   0.0028  0.0068  1.0000  -9.3067   0.0000   0.2362
  11.250   1.2305   0.01231   0.00794   0.0029  0.0068  1.0000  -9.3826   0.0000   0.2361
  11.300   1.2355   0.01237   0.00800   0.0030  0.0068  1.0000  -9.4587   0.0000   0.2359
  11.350   1.2406   0.01242   0.00805   0.0030  0.0068  1.0000  -9.5352   0.0000   0.2358
  11.400   1.2456   0.01248   0.00811   0.0031  0.0068  1.0000  -9.6118   0.0000   0.2357
  11.450   1.2506   0.01254   0.00817   0.0032  0.0068  1.0000  -9.6888   0.0000   0.2356
  11.500   1.2556   0.01260   0.00823   0.0032  0.0068  1.0000  -9.7660   0.0000   0.2355
  11.550   1.2607   0.01265   0.00829   0.0033  0.0068  1.0000  -9.8435   0.0000   0.2354
  11.600   1.2657   0.01271   0.00835   0.0034  0.0068  1.0000  -9.9213   0.0000   0.2352
  11.650   1.2707   0.01277   0.00841   0.0034  0.0068  1.0000  -9.9993   0.0000   0.2351
  11.700   1.2757   0.01283   0.00847   0.0035  0.0068  1.0000  -10.0776   0.0000   0.2350
  11.750   1.2807   0.01289   0.00853   0.0036  0.0067  1.0000  -10.1561   0.0000   0.2349
  11.800   1.2857   0.01295   0.00859   0.0036  0.0067  1.0000  -10.2349   0.0000   0.2348
  11.850   1.2907   0.01300   0.00865   0.0037  0.0067  1.0000  -10.3139   0.0000   0.2347
  11.900   1.2957   0.01306   0.00871   0.0038  0.0067  1.0000  -10.3932   0.0000   0.2345
  11.950   1.3007   0.01312   0.00877   0.0038  0.0067  1.0000  -10.4727   0.0000   0.2344
  12.000   1.3056   0.01318   0.00883   0.0039  0.0067  1.0000  -10.5525   0.0000   0.2343
  12.050   1.3106   0.01324   0.00889   0.0040  0.0067  1.0000  -10.6325   0.0000   0.2342
  12.100   1.3156   0.01330   0.00895   0.0040  0.0067  1.0000  -10.7128   0.0000   0.2341
  12.150   1.3205   0.01336   0.00902   0.0041  0.0067  1.0000  -10.7932   0.0000   0.2340
  12.200   1.3254   0.01343   0.00909   0.0042  0.0067  1.0000  -10.8735   0.0000   0.2338
  12.250   1.3304   0.01349   0.00916   0.0042  0.0067  1.0000  -10.9544   0.0000   0.2337
  12.300   1.3353   0.01355   0.00922   0.0043  0.0067  1.0000  -11.0355   0.0000   0.2336
  12.350   1.3403   0.01361   0.00928   0.0044  0.0067  1.0000  -11.1169   0.0000   0.2335
  12.400   1.3452   0.01367   0.00934   0.0044  0.0067  1.0000  -11.1985   0.0000   0.2333
  12.450   1.3501   0.01373   0.00941   0.0045  0.0067  1.0000  -11.2803   0.0000   0.2332
  12.500   1.3550   0.01379   0.00947   0.0046  0.0066  1.0000  -11.3624   0.0000   0.2331
  12.550   1.3599   0.01385   0.00953   0.0047  0.0066  1.0000  -11.4446   0.0000   0.2330
  12.600   1.3648   0.01392   0.00960   0.0047  0.0066  1.0000  -11.5270   0.0000   0.2329
  12.650   1.3697   0.01398   0.00966   0.0048  0.0066  1.0000  -11.6097   0.0000   0.2327
  12.700   1.3746   0.01404   0.00972   0.0049  0.0066  1.0000  -11.6925   0.0000   0.2326
  12.750   1.3795   0.01410   0.00979   0.0050  0.0066  1.0000  -11.7755   0.0000   0.2325
  12.800   1.3844   0.01417   0.00985   0.0050  0.0066  1.0000  -11.8587   0.0000   0.2324
  12.850   1.3892   0.01423   0.00992   0.0051  0.0066  1.0000  -11.9420   0.0000   0.2322
  12.900   1.3941   0.01430   0.00999   0.0052  0.0066  1.0000  -12.0256   0.0000   0.2321
  12.950   1.3989   0.01436   0.01005   0.0053  0.0065  1.0000  -12.1093   0.0000   0.2320
  13.000   1.4038   0.01443   0.01012   0.0053  0.0065  1.0000  -12.1931   0.0000   0.2319
  13.050   1.4086   0.01449   0.01019   0.0054  0.0065  1.0000  -12.2772   0.0000   0.2317
  13.100   1.4134   0.01456   0.01025   0.0055  0.0065  1.0000  -12.3613   0.0000   0.2316
  13.150   1.4182   0.01462   0.01032   0.0056  0.0065  1.0000  -12.4456   0.0000   0.2315
  13.200   1.4230   0.01469   0.01039   0.0057  0.0065  1.0000  -12.5301   0.0000   0.2313
  13.250   1.4278   0.01476   0.01046   0.0058  0.0064  1.0000  -12.6147   0.0000   0.2312
  13.300   1.4325   0.01483   0.01053   0.0058  0.0064  1.0000  -12.6994   0.0000   0.2311
  13.350   1.4373   0.01490   0.01060   0.0059  0.0064  1.0000  -12.7842   0.0000   0.2309
  13.400   1.4420   0.01497   0.01068   0.0060  0.0064  1.0000  -12.8692   0.0000   0.2308
  13.450   1.4468   0.01504   0.01075   0.0061  0.0064  1.0000  -12.9543   0.0000   0.2307
  13.500   1.4515   0.01511   0.01082   0.0062  0.0063  1.0000  -13.0394   0.0000   0.2305
  13.550   1.4562   0.01518   0.01090   0.0063  0.0063  1.0000  -13.1247   0.0000   0.2304
  13.600   1.4609   0.01525   0.01097   0.0064  0.0063  1.0000  -13.2101   0.0000   0.2303
  13.650   1.4656   0.01533   0.01105   0.0065  0.0062  1.0000  -13.2956   0.0000   0.2301
  13.700   1.4702   0.01540   0.01112   0.0066  0.0062  1.0000  -13.3811   0.0000   0.2300
  13.750   1.4749   0.01548   0.01120   0.0067  0.0062  1.0000  -13.4667   0.0000   0.2298
  13.800   1.4795   0.01555   0.01128   0.0068  0.0061  1.0000  -13.5523   0.0000   0.2297
  13.850   1.4841   0.01563   0.01136   0.0069  0.0061  1.0000  -13.6379   0.0000   0.2295
  13.900   1.4887   0.01571   0.01144   0.0070  0.0060  1.0000  -13.7234   0.0000   0.2294
  13.950   1.4932   0.01579   0.01153   0.0071  0.0060  1.0000  -13.8086   0.0000   0.2293
  14.000   1.4978   0.01588   0.01161   0.0072  0.0059  1.0000  -13.8940   0.0000   0.2291
  14.050   1.5023   0.01596   0.01170   0.0073  0.0059  1.0000  -13.9793   0.0000   0.2290
  14.100   1.5067   0.01605   0.01179   0.0074  0.0058  1.0000  -14.0644   0.0000   0.2288
  14.150   1.5112   0.01614   0.01188   0.0076  0.0057  1.0000  -14.1494   0.0000   0.2286
  14.200   1.5156   0.01624   0.01197   0.0077  0.0057  1.0000  -14.2342   0.0000   0.2285
  14.250   1.5199   0.01633   0.01207   0.0078  0.0056  1.0000  -14.3188   0.0000   0.2283
  14.300   1.5242   0.01643   0.01217   0.0080  0.0055  1.0000  -14.4029   0.0000   0.2282
  14.350   1.5285   0.01654   0.01227   0.0081  0.0054  1.0000  -14.4867   0.0000   0.2280
  14.400   1.5327   0.01664   0.01238   0.0083  0.0053  1.0000  -14.5698   0.0000   0.2278
  14.450   1.5369   0.01676   0.01249   0.0084  0.0052  1.0000  -14.6523   0.0000   0.2276
  14.500   1.5410   0.01688   0.01261   0.0086  0.0051  1.0000  -14.7338   0.0000   0.2275
  14.550   1.5450   0.01700   0.01273   0.0087  0.0050  1.0000  -14.8138   0.0000   0.2273
  14.600   1.5488   0.01715   0.01287   0.0089  0.0048  1.0000  -14.8900   0.0000   0.2271
  14.700   1.5344   0.01967   0.01580   0.0122  0.0031  1.0000  -14.4738   0.0000   0.2248
  14.750   1.5376   0.01985   0.01600   0.0125  0.0031  1.0000  -14.5402   0.0000   0.2245
  14.800   1.5407   0.02004   0.01621   0.0127  0.0031  1.0000  -14.6060   0.0000   0.2243
  14.850   1.5437   0.02023   0.01642   0.0130  0.0031  1.0000  -14.6711   0.0000   0.2240
  14.900   1.5466   0.02043   0.01664   0.0133  0.0031  1.0000  -14.7355   0.0000   0.2238
  14.950   1.5494   0.02063   0.01686   0.0136  0.0031  1.0000  -14.7991   0.0000   0.2235
  15.000   1.5522   0.02084   0.01709   0.0139  0.0031  1.0000  -14.8618   0.0000   0.2232


