  -5.000  -0.5456   0.00658   0.00204  -0.0029  0.9680  0.0436  -2.3130   0.0000   0.2399
  -4.950  -0.5403   0.00654   0.00201  -0.0028  0.9660  0.0450  -2.2756   0.0000   0.2400
  -4.900  -0.5350   0.00652   0.00199  -0.0028  0.9639  0.0461  -2.2383   0.0000   0.2401
  -4.850  -0.5295   0.00649   0.00196  -0.0027  0.9624  0.0468  -2.2008   0.0000   0.2401
  -4.800  -0.5241   0.00647   0.00194  -0.0027  0.9607  0.0479  -2.1636   0.0000   0.2402
  -4.750  -0.5187   0.00643   0.00192  -0.0026  0.9588  0.0503  -2.1270   0.0000   0.2403
  -4.700  -0.5134   0.00639   0.00189  -0.0026  0.9566  0.0524  -2.0908   0.0000   0.2404
  -4.650  -0.5082   0.00636   0.00186  -0.0025  0.9542  0.0542  -2.0549   0.0000   0.2405
  -4.600  -0.5029   0.00632   0.00183  -0.0024  0.9517  0.0559  -2.0192   0.0000   0.2407
  -4.550  -0.4978   0.00630   0.00180  -0.0023  0.9489  0.0572  -1.9866   0.0000   0.2409
  -4.500  -0.4926   0.00628   0.00178  -0.0022  0.9461  0.0583  -1.9576   0.0000   0.2411
  -4.450  -0.4872   0.00626   0.00176  -0.0021  0.9438  0.0591  -1.9283   0.0000   0.2412
  -4.400  -0.4817   0.00623   0.00174  -0.0021  0.9419  0.0611  -1.8988   0.0000   0.2412
  -4.350  -0.4763   0.00619   0.00171  -0.0020  0.9395  0.0640  -1.8699   0.0000   0.2413
  -4.300  -0.4709   0.00615   0.00168  -0.0020  0.9368  0.0665  -1.8412   0.0000   0.2414
  -4.250  -0.4656   0.00612   0.00166  -0.0019  0.9339  0.0687  -1.8127   0.0000   0.2415
  -4.200  -0.4603   0.00610   0.00163  -0.0018  0.9308  0.0705  -1.7843   0.0000   0.2417
  -4.150  -0.4551   0.00608   0.00161  -0.0018  0.9274  0.0718  -1.7561   0.0000   0.2419
  -4.100  -0.4498   0.00607   0.00159  -0.0017  0.9239  0.0730  -1.7280   0.0000   0.2420
  -4.050  -0.4443   0.00603   0.00156  -0.0016  0.9216  0.0766  -1.6997   0.0000   0.2421
  -4.000  -0.4389   0.00599   0.00154  -0.0016  0.9190  0.0799  -1.6718   0.0000   0.2422
  -3.950  -0.4335   0.00596   0.00151  -0.0016  0.9159  0.0827  -1.6439   0.0000   0.2422
  -3.900  -0.4281   0.00593   0.00149  -0.0015  0.9124  0.0849  -1.6162   0.0000   0.2423
  -3.850  -0.4227   0.00592   0.00147  -0.0014  0.9087  0.0865  -1.5886   0.0000   0.2425
  -3.800  -0.4174   0.00590   0.00145  -0.0014  0.9047  0.0890  -1.5614   0.0000   0.2426
  -3.750  -0.4122   0.00587   0.00142  -0.0013  0.9007  0.0934  -1.5346   0.0000   0.2428
  -3.700  -0.4067   0.00583   0.00140  -0.0013  0.8983  0.0970  -1.5076   0.0000   0.2428
  -3.650  -0.4012   0.00580   0.00138  -0.0012  0.8953  0.1000  -1.4807   0.0000   0.2429
  -3.600  -0.3957   0.00577   0.00134  -0.0012  0.8916  0.1028  -1.4556   0.0000   0.2430
  -3.550  -0.3904   0.00574   0.00132  -0.0011  0.8873  0.1092  -1.4291   0.0000   0.2431
  -3.500  -0.3852   0.00570   0.00129  -0.0011  0.8826  0.1146  -1.4030   0.0000   0.2433
  -3.450  -0.3799   0.00568   0.00127  -0.0010  0.8777  0.1181  -1.3767   0.0000   0.2435
  -3.400  -0.3744   0.00566   0.00125  -0.0010  0.8746  0.1215  -1.3500   0.0000   0.2435
  -3.350  -0.3690   0.00561   0.00123  -0.0010  0.8716  0.1276  -1.3238   0.0000   0.2435
  -3.300  -0.3635   0.00558   0.00120  -0.0009  0.8678  0.1320  -1.2977   0.0000   0.2436
  -3.250  -0.3581   0.00556   0.00118  -0.0009  0.8633  0.1352  -1.2716   0.0000   0.2437
  -3.200  -0.3527   0.00555   0.00117  -0.0008  0.8583  0.1373  -1.2456   0.0000   0.2438
  -3.150  -0.3473   0.00553   0.00115  -0.0008  0.8527  0.1425  -1.2201   0.0000   0.2440
  -3.100  -0.3419   0.00549   0.00112  -0.0008  0.8491  0.1479  -1.1949   0.0000   0.2440
  -3.050  -0.3364   0.00546   0.00110  -0.0007  0.8455  0.1523  -1.1736   0.0000   0.2441
  -3.000  -0.3308   0.00545   0.00109  -0.0007  0.8411  0.1552  -1.1523   0.0000   0.2441
  -2.950  -0.3254   0.00544   0.00107  -0.0007  0.8360  0.1584  -1.1312   0.0000   0.2442
  -2.900  -0.3200   0.00541   0.00105  -0.0006  0.8306  0.1649  -1.1106   0.0000   0.2443
  -2.850  -0.3147   0.00539   0.00103  -0.0006  0.8249  0.1700  -1.0901   0.0000   0.2445
  -2.800  -0.3091   0.00536   0.00102  -0.0006  0.8218  0.1739  -1.0691   0.0000   0.2445
  -2.750  -0.3035   0.00535   0.00100  -0.0006  0.8178  0.1764  -1.0482   0.0000   0.2445
  -2.700  -0.2980   0.00533   0.00099  -0.0006  0.8127  0.1831  -1.0277   0.0000   0.2446
  -2.650  -0.2927   0.00529   0.00097  -0.0005  0.8069  0.1903  -1.0077   0.0000   0.2447
  -2.600  -0.2874   0.00528   0.00095  -0.0005  0.8004  0.1955  -0.9875   0.0000   0.2448
  -2.550  -0.2818   0.00526   0.00093  -0.0004  0.7960  0.2012  -0.9672   0.0000   0.2449
  -2.500  -0.2764   0.00521   0.00091  -0.0004  0.7923  0.2101  -0.9473   0.0000   0.2449
  -2.450  -0.2709   0.00518   0.00090  -0.0004  0.7877  0.2161  -0.9272   0.0000   0.2450
  -2.400  -0.2654   0.00517   0.00088  -0.0004  0.7823  0.2194  -0.9072   0.0000   0.2450
  -2.350  -0.2600   0.00516   0.00087  -0.0004  0.7760  0.2265  -0.8875   0.0000   0.2452
  -2.300  -0.2546   0.00514   0.00085  -0.0003  0.7696  0.2327  -0.8693   0.0000   0.2453
  -2.250  -0.2490   0.00511   0.00084  -0.0003  0.7660  0.2375  -0.8525   0.0000   0.2453
  -2.200  -0.2434   0.00510   0.00083  -0.0003  0.7614  0.2410  -0.8358   0.0000   0.2453
  -2.150  -0.2379   0.00509   0.00082  -0.0003  0.7557  0.2469  -0.8193   0.0000   0.2453
  -2.100  -0.2326   0.00506   0.00080  -0.0003  0.7493  0.2558  -0.8032   0.0000   0.2455
  -2.050  -0.2272   0.00504   0.00079  -0.0002  0.7425  0.2624  -0.7870   0.0000   0.2456
  -2.000  -0.2216   0.00503   0.00078  -0.0002  0.7389  0.2666  -0.7705   0.0000   0.2456
  -1.950  -0.2161   0.00499   0.00076  -0.0002  0.7347  0.2758  -0.7544   0.0000   0.2456
  -1.900  -0.2106   0.00497   0.00075  -0.0002  0.7293  0.2826  -0.7383   0.0000   0.2457
  -1.850  -0.2051   0.00496   0.00074  -0.0002  0.7229  0.2870  -0.7221   0.0000   0.2458
  -1.800  -0.1996   0.00497   0.00073  -0.0002  0.7154  0.2898  -0.7057   0.0000   0.2458
  -1.750  -0.1940   0.00496   0.00072  -0.0002  0.7107  0.2955  -0.6904   0.0000   0.2458
  -1.700  -0.1885   0.00493   0.00070  -0.0002  0.7066  0.3034  -0.6769   0.0000   0.2458
  -1.650  -0.1830   0.00490   0.00069  -0.0002  0.7015  0.3102  -0.6633   0.0000   0.2459
  -1.600  -0.1774   0.00490   0.00068  -0.0001  0.6955  0.3146  -0.6498   0.0000   0.2459
  -1.550  -0.1720   0.00490   0.00068  -0.0001  0.6884  0.3224  -0.6364   0.0000   0.2460
  -1.500  -0.1665   0.00487   0.00066  -0.0001  0.6826  0.3306  -0.6231   0.0000   0.2461
  -1.450  -0.1610   0.00485   0.00065  -0.0001  0.6787  0.3364  -0.6096   0.0000   0.2461
  -1.400  -0.1553   0.00484   0.00065  -0.0001  0.6735  0.3399  -0.5962   0.0000   0.2460
  -1.350  -0.1498   0.00485   0.00064  -0.0001  0.6672  0.3444  -0.5836   0.0000   0.2461
  -1.300  -0.1444   0.00483   0.00064  -0.0001  0.6600  0.3528  -0.5722   0.0000   0.2462
  -1.250  -0.1389   0.00481   0.00062  -0.0001  0.6537  0.3601  -0.5608   0.0000   0.2463
  -1.200  -0.1332   0.00480   0.00062  -0.0001  0.6503  0.3653  -0.5492   0.0000   0.2462
  -1.150  -0.1276   0.00480   0.00061  -0.0001  0.6456  0.3699  -0.5376   0.0000   0.2462
  -1.100  -0.1222   0.00478   0.00061  -0.0001  0.6395  0.3785  -0.5264   0.0000   0.2463
  -1.050  -0.1167   0.00477   0.00060  -0.0000  0.6323  0.3851  -0.5157   0.0000   0.2464
  -1.000  -0.1112   0.00477   0.00059  -0.0000  0.6247  0.3904  -0.5057   0.0000   0.2464
  -0.950  -0.1055   0.00476   0.00059  -0.0001  0.6212  0.3941  -0.4956   0.0000   0.2463
  -0.900  -0.0999   0.00475   0.00059  -0.0001  0.6166  0.4013  -0.4856   0.0000   0.2463
  -0.850  -0.0945   0.00473   0.00058  -0.0000  0.6109  0.4095  -0.4758   0.0000   0.2464
  -0.800  -0.0890   0.00473   0.00057  -0.0000  0.6041  0.4159  -0.4664   0.0000   0.2465
  -0.750  -0.0834   0.00474   0.00057  -0.0000  0.5962  0.4202  -0.4576   0.0000   0.2465
  -0.700  -0.0777   0.00473   0.00057  -0.0000  0.5925  0.4243  -0.4487   0.0000   0.2464
  -0.650  -0.0722   0.00471   0.00056  -0.0000  0.5879  0.4330  -0.4400   0.0000   0.2464
  -0.600  -0.0667   0.00470   0.00056  -0.0000  0.5819  0.4401  -0.4313   0.0000   0.2465
  -0.550  -0.0612   0.00470   0.00056  -0.0000  0.5749  0.4457  -0.4233   0.0000   0.2467
  -0.500  -0.0556   0.00472   0.00056  -0.0000  0.5671  0.4495  -0.4154   0.0000   0.2466
  -0.450  -0.0500   0.00471   0.00055  -0.0000  0.5634  0.4558  -0.4076   0.0000   0.2464
  -0.400  -0.0444   0.00468   0.00055  -0.0000  0.5591  0.4637  -0.3998   0.0000   0.2464
  -0.350  -0.0389   0.00468   0.00055  -0.0000  0.5532  0.4703  -0.3923   0.0000   0.2466
  -0.300  -0.0334   0.00469   0.00055  -0.0000  0.5459  0.4753  -0.3853   0.0000   0.2468
  -0.250  -0.0278   0.00471   0.00055  -0.0000  0.5376  0.4788  -0.3783   0.0000   0.2467
  -0.200  -0.0222   0.00469   0.00054  -0.0000  0.5340  0.4866  -0.3713   0.0000   0.2464
  -0.150  -0.0167   0.00467   0.00054  -0.0000  0.5297  0.4940  -0.3643   0.0000   0.2465
  -0.100  -0.0111   0.00467   0.00054  -0.0000  0.5239  0.5000  -0.3579   0.0000   0.2466
  -0.050  -0.0056   0.00468   0.00054   0.0000  0.5168  0.5046  -0.3516   0.0000   0.2472
   0.000   0.0000   0.00470   0.00055  -0.0000  0.5083  0.5083  -0.3452   0.0000   0.4143
   0.050   0.0056   0.00468   0.00054  -0.0000  0.5046  0.5168  -0.3516   0.0000   0.2472
   0.100   0.0111   0.00467   0.00054   0.0000  0.5000  0.5239  -0.3579   0.0000   0.2466
   0.150   0.0167   0.00467   0.00054   0.0000  0.4940  0.5297  -0.3643   0.0000   0.2465
   0.200   0.0222   0.00469   0.00054   0.0000  0.4866  0.5340  -0.3713   0.0000   0.2464
   0.250   0.0278   0.00471   0.00055   0.0000  0.4787  0.5376  -0.3783   0.0000   0.2467
   0.300   0.0334   0.00469   0.00055   0.0000  0.4753  0.5459  -0.3853   0.0000   0.2468
   0.350   0.0389   0.00468   0.00055   0.0000  0.4703  0.5532  -0.3923   0.0000   0.2466
   0.400   0.0444   0.00468   0.00055   0.0000  0.4637  0.5591  -0.3998   0.0000   0.2464
   0.450   0.0500   0.00471   0.00055   0.0000  0.4558  0.5634  -0.4076   0.0000   0.2464
   0.500   0.0556   0.00472   0.00056   0.0000  0.4495  0.5671  -0.4154   0.0000   0.2466
   0.550   0.0612   0.00470   0.00056   0.0000  0.4457  0.5749  -0.4233   0.0000   0.2467
   0.600   0.0667   0.00470   0.00056   0.0000  0.4401  0.5819  -0.4313   0.0000   0.2465
   0.650   0.0722   0.00471   0.00056   0.0000  0.4330  0.5879  -0.4400   0.0000   0.2464
   0.700   0.0777   0.00473   0.00057   0.0000  0.4243  0.5925  -0.4487   0.0000   0.2464
   0.750   0.0834   0.00474   0.00057   0.0000  0.4202  0.5963  -0.4576   0.0000   0.2466
   0.800   0.0890   0.00473   0.00057   0.0000  0.4159  0.6041  -0.4664   0.0000   0.2465
   0.850   0.0945   0.00473   0.00058   0.0000  0.4095  0.6109  -0.4758   0.0000   0.2464
   0.900   0.0999   0.00475   0.00059   0.0001  0.4013  0.6166  -0.4856   0.0000   0.2463
   0.950   0.1055   0.00476   0.00059   0.0001  0.3941  0.6212  -0.4956   0.0000   0.2463
   1.000   0.1112   0.00477   0.00059   0.0000  0.3904  0.6247  -0.5057   0.0000   0.2465
   1.050   0.1167   0.00477   0.00060   0.0000  0.3851  0.6323  -0.5157   0.0000   0.2464
   1.100   0.1222   0.00478   0.00061   0.0001  0.3785  0.6395  -0.5264   0.0000   0.2463
   1.150   0.1276   0.00480   0.00061   0.0001  0.3698  0.6456  -0.5376   0.0000   0.2462
   1.200   0.1332   0.00480   0.00062   0.0001  0.3653  0.6503  -0.5492   0.0000   0.2462
   1.250   0.1389   0.00481   0.00062   0.0001  0.3601  0.6537  -0.5608   0.0000   0.2463
   1.300   0.1444   0.00483   0.00064   0.0001  0.3528  0.6600  -0.5722   0.0000   0.2462
   1.350   0.1498   0.00485   0.00064   0.0001  0.3444  0.6672  -0.5836   0.0000   0.2461
   1.400   0.1553   0.00484   0.00065   0.0001  0.3399  0.6736  -0.5962   0.0000   0.2461
   1.450   0.1610   0.00485   0.00065   0.0001  0.3364  0.6787  -0.6096   0.0000   0.2461
   1.500   0.1665   0.00487   0.00066   0.0001  0.3306  0.6826  -0.6231   0.0000   0.2461
   1.550   0.1720   0.00490   0.00068   0.0001  0.3224  0.6885  -0.6364   0.0000   0.2460
   1.600   0.1774   0.00490   0.00068   0.0001  0.3146  0.6955  -0.6498   0.0000   0.2459
   1.650   0.1830   0.00490   0.00069   0.0002  0.3102  0.7015  -0.6633   0.0000   0.2459
   1.700   0.1885   0.00493   0.00070   0.0002  0.3034  0.7066  -0.6769   0.0000   0.2458
   1.750   0.1940   0.00496   0.00072   0.0002  0.2955  0.7107  -0.6904   0.0000   0.2458
   1.800   0.1996   0.00497   0.00073   0.0002  0.2898  0.7154  -0.7057   0.0000   0.2458
   1.850   0.2051   0.00496   0.00074   0.0002  0.2870  0.7229  -0.7221   0.0000   0.2458
   1.900   0.2106   0.00497   0.00075   0.0002  0.2826  0.7294  -0.7383   0.0000   0.2457
   1.950   0.2161   0.00499   0.00076   0.0002  0.2758  0.7347  -0.7544   0.0000   0.2456
   2.000   0.2216   0.00503   0.00078   0.0002  0.2666  0.7389  -0.7705   0.0000   0.2456
   2.050   0.2272   0.00504   0.00079   0.0002  0.2624  0.7425  -0.7870   0.0000   0.2456
   2.100   0.2326   0.00506   0.00080   0.0003  0.2558  0.7493  -0.8033   0.0000   0.2455
   2.150   0.2379   0.00509   0.00082   0.0003  0.2469  0.7557  -0.8193   0.0000   0.2453
   2.200   0.2434   0.00510   0.00083   0.0003  0.2410  0.7614  -0.8358   0.0000   0.2453
   2.250   0.2490   0.00511   0.00084   0.0003  0.2375  0.7660  -0.8526   0.0000   0.2453
   2.300   0.2546   0.00514   0.00085   0.0003  0.2327  0.7696  -0.8693   0.0000   0.2453
   2.350   0.2600   0.00516   0.00087   0.0004  0.2265  0.7760  -0.8875   0.0000   0.2452
   2.400   0.2654   0.00517   0.00088   0.0004  0.2194  0.7823  -0.9072   0.0000   0.2451
   2.450   0.2709   0.00518   0.00090   0.0004  0.2161  0.7877  -0.9272   0.0000   0.2450
   2.500   0.2764   0.00521   0.00091   0.0004  0.2101  0.7923  -0.9473   0.0000   0.2450
   2.550   0.2818   0.00526   0.00093   0.0004  0.2011  0.7960  -0.9672   0.0000   0.2449
   2.600   0.2874   0.00528   0.00095   0.0005  0.1955  0.8005  -0.9875   0.0000   0.2449
   2.650   0.2927   0.00529   0.00097   0.0005  0.1902  0.8069  -1.0077   0.0000   0.2447
   2.700   0.2980   0.00533   0.00099   0.0005  0.1830  0.8127  -1.0277   0.0000   0.2446
   2.750   0.3035   0.00535   0.00100   0.0006  0.1764  0.8178  -1.0482   0.0000   0.2445
   2.800   0.3091   0.00536   0.00102   0.0006  0.1739  0.8218  -1.0691   0.0000   0.2445
   2.900   0.3200   0.00541   0.00105   0.0006  0.1648  0.8306  -1.1106   0.0000   0.2444
   2.950   0.3254   0.00544   0.00107   0.0007  0.1584  0.8360  -1.1312   0.0000   0.2442
   3.000   0.3309   0.00545   0.00109   0.0007  0.1552  0.8411  -1.1524   0.0000   0.2441
   3.050   0.3364   0.00546   0.00110   0.0007  0.1523  0.8455  -1.1736   0.0000   0.2441
   3.100   0.3419   0.00549   0.00112   0.0008  0.1479  0.8491  -1.1949   0.0000   0.2441
   3.150   0.3473   0.00553   0.00115   0.0008  0.1425  0.8527  -1.2201   0.0000   0.2440
   3.200   0.3527   0.00555   0.00117   0.0008  0.1373  0.8583  -1.2457   0.0000   0.2438
   3.250   0.3581   0.00556   0.00118   0.0009  0.1352  0.8633  -1.2716   0.0000   0.2437
   3.300   0.3636   0.00558   0.00120   0.0009  0.1320  0.8678  -1.2977   0.0000   0.2436
   3.350   0.3690   0.00561   0.00123   0.0010  0.1276  0.8716  -1.3238   0.0000   0.2436
   3.400   0.3744   0.00566   0.00125   0.0010  0.1215  0.8746  -1.3500   0.0000   0.2435
   3.450   0.3800   0.00568   0.00127   0.0010  0.1181  0.8777  -1.3768   0.0000   0.2435
   3.500   0.3853   0.00570   0.00129   0.0011  0.1146  0.8826  -1.4031   0.0000   0.2433
   3.550   0.3905   0.00574   0.00132   0.0011  0.1092  0.8873  -1.4291   0.0000   0.2431
   3.600   0.3958   0.00577   0.00134   0.0012  0.1028  0.8916  -1.4556   0.0000   0.2430
   3.650   0.4012   0.00580   0.00138   0.0012  0.1000  0.8953  -1.4808   0.0000   0.2429
   3.700   0.4067   0.00583   0.00140   0.0013  0.0970  0.8983  -1.5076   0.0000   0.2429
   3.750   0.4122   0.00587   0.00142   0.0013  0.0933  0.9007  -1.5347   0.0000   0.2428
   3.800   0.4174   0.00590   0.00145   0.0014  0.0889  0.9047  -1.5614   0.0000   0.2426
   3.850   0.4228   0.00592   0.00147   0.0014  0.0865  0.9087  -1.5887   0.0000   0.2425
   3.900   0.4281   0.00593   0.00149   0.0015  0.0849  0.9124  -1.6162   0.0000   0.2424
   3.950   0.4335   0.00596   0.00151   0.0016  0.0827  0.9159  -1.6440   0.0000   0.2423
   4.000   0.4389   0.00599   0.00154   0.0016  0.0799  0.9190  -1.6718   0.0000   0.2422
   4.050   0.4443   0.00603   0.00156   0.0016  0.0766  0.9216  -1.6998   0.0000   0.2421
   4.100   0.4498   0.00607   0.00159   0.0017  0.0730  0.9239  -1.7281   0.0000   0.2421
   4.150   0.4551   0.00608   0.00161   0.0017  0.0718  0.9274  -1.7562   0.0000   0.2419
   4.200   0.4604   0.00610   0.00163   0.0018  0.0704  0.9308  -1.7844   0.0000   0.2417
   4.250   0.4657   0.00612   0.00166   0.0019  0.0687  0.9339  -1.8128   0.0000   0.2415
   4.300   0.4710   0.00615   0.00168   0.0020  0.0665  0.9368  -1.8413   0.0000   0.2414
   4.350   0.4763   0.00619   0.00171   0.0020  0.0640  0.9395  -1.8699   0.0000   0.2413
   4.400   0.4817   0.00623   0.00174   0.0021  0.0610  0.9418  -1.8989   0.0000   0.2412
   4.450   0.4872   0.00626   0.00176   0.0021  0.0591  0.9438  -1.9283   0.0000   0.2412
   4.500   0.4926   0.00628   0.00178   0.0022  0.0583  0.9461  -1.9577   0.0000   0.2411
   4.550   0.4978   0.00630   0.00180   0.0023  0.0572  0.9489  -1.9867   0.0000   0.2409
   4.600   0.5030   0.00632   0.00183   0.0024  0.0559  0.9517  -2.0193   0.0000   0.2407
   4.650   0.5082   0.00636   0.00186   0.0025  0.0542  0.9542  -2.0550   0.0000   0.2406
   4.700   0.5135   0.00639   0.00189   0.0026  0.0524  0.9566  -2.0909   0.0000   0.2404
   4.750   0.5188   0.00643   0.00192   0.0026  0.0503  0.9588  -2.1271   0.0000   0.2403
   4.800   0.5241   0.00647   0.00194   0.0027  0.0479  0.9607  -2.1637   0.0000   0.2402
   4.850   0.5296   0.00649   0.00196   0.0027  0.0468  0.9624  -2.2009   0.0000   0.2402
   4.900   0.5350   0.00652   0.00199   0.0028  0.0461  0.9639  -2.2384   0.0000   0.2401
   4.950   0.5403   0.00654   0.00201   0.0028  0.0450  0.9660  -2.2757   0.0000   0.2400
   5.000   0.5456   0.00658   0.00204   0.0029  0.0436  0.9680  -2.3131   0.0000   0.2399
   5.050   0.5509   0.00662   0.00207   0.0030  0.0420  0.9699  -2.3507   0.0000   0.2398
   5.100   0.5563   0.00666   0.00211   0.0030  0.0403  0.9718  -2.3884   0.0000   0.2397
   5.150   0.5616   0.00670   0.00213   0.0031  0.0385  0.9735  -2.4265   0.0000   0.2396
   5.200   0.5671   0.00673   0.00216   0.0031  0.0370  0.9752  -2.4649   0.0000   0.2395
   5.250   0.5725   0.00676   0.00219   0.0032  0.0363  0.9768  -2.5037   0.0000   0.2395
   5.300   0.5779   0.00678   0.00221   0.0032  0.0360  0.9782  -2.5427   0.0000   0.2394
   5.350   0.5832   0.00681   0.00223   0.0033  0.0355  0.9795  -2.5816   0.0000   0.2393
   5.400   0.5890   0.00684   0.00227   0.0033  0.0349  0.9806  -2.6201   0.0000   0.2394
   5.450   0.5950   0.00687   0.00230   0.0032  0.0342  0.9816  -2.6613   0.0000   0.2396
   5.500   0.6010   0.00691   0.00233   0.0030  0.0333  0.9826  -2.7031   0.0000   0.2398
   5.550   0.6071   0.00695   0.00236   0.0029  0.0323  0.9835  -2.7450   0.0000   0.2400
   5.600   0.6131   0.00700   0.00240   0.0028  0.0313  0.9845  -2.7871   0.0000   0.2401
   5.650   0.6191   0.00704   0.00243   0.0027  0.0301  0.9854  -2.8294   0.0000   0.2403
   5.700   0.6251   0.00708   0.00246   0.0026  0.0288  0.9863  -2.8718   0.0000   0.2405
   5.750   0.6311   0.00712   0.00250   0.0025  0.0276  0.9872  -2.9143   0.0000   0.2406
   5.800   0.6370   0.00715   0.00253   0.0025  0.0269  0.9882  -2.9570   0.0000   0.2407
   5.850   0.6428   0.00718   0.00255   0.0024  0.0268  0.9891  -2.9999   0.0000   0.2408
   5.900   0.6485   0.00720   0.00258   0.0024  0.0266  0.9900  -3.0429   0.0000   0.2409
   5.950   0.6543   0.00723   0.00261   0.0024  0.0264  0.9909  -3.0859   0.0000   0.2409
   6.000   0.6599   0.00726   0.00264   0.0023  0.0261  0.9917  -3.1288   0.0000   0.2409
   6.050   0.6655   0.00730   0.00266   0.0023  0.0258  0.9925  -3.1716   0.0000   0.2409
   6.100   0.6715   0.00733   0.00270   0.0022  0.0253  0.9930  -3.2165   0.0000   0.2410
   6.150   0.6780   0.00737   0.00273   0.0020  0.0248  0.9932  -3.2633   0.0000   0.2414
   6.200   0.6845   0.00742   0.00276   0.0018  0.0242  0.9935  -3.3102   0.0000   0.2417
   6.250   0.6910   0.00746   0.00280   0.0016  0.0235  0.9938  -3.3572   0.0000   0.2420
   6.300   0.6974   0.00751   0.00284   0.0014  0.0228  0.9940  -3.4042   0.0000   0.2423
   6.350   0.7039   0.00756   0.00288   0.0012  0.0220  0.9942  -3.4513   0.0000   0.2425
   6.400   0.7103   0.00761   0.00292   0.0010  0.0210  0.9944  -3.4983   0.0000   0.2428
   6.450   0.7168   0.00766   0.00297   0.0007  0.0201  0.9946  -3.5452   0.0000   0.2431
   6.500   0.7233   0.00771   0.00301   0.0005  0.0193  0.9948  -3.5917   0.0000   0.2433
   6.550   0.7297   0.00775   0.00306   0.0003  0.0188  0.9951  -3.6392   0.0000   0.2435
   6.600   0.7362   0.00778   0.00309   0.0001  0.0188  0.9953  -3.6885   0.0000   0.2438
   6.650   0.7427   0.00781   0.00312  -0.0001  0.0188  0.9955  -3.7381   0.0000   0.2440
   6.700   0.7491   0.00784   0.00315  -0.0003  0.0187  0.9957  -3.7878   0.0000   0.2443
   6.750   0.7556   0.00787   0.00318  -0.0005  0.0186  0.9959  -3.8376   0.0000   0.2445
   6.800   0.7620   0.00791   0.00321  -0.0007  0.0185  0.9961  -3.8875   0.0000   0.2447
   6.850   0.7684   0.00794   0.00324  -0.0009  0.0184  0.9964  -3.9376   0.0000   0.2449
   6.900   0.7748   0.00798   0.00327  -0.0011  0.0182  0.9966  -3.9878   0.0000   0.2451
   6.950   0.7812   0.00801   0.00331  -0.0013  0.0180  0.9968  -4.0380   0.0000   0.2453
   7.000   0.7876   0.00805   0.00335  -0.0015  0.0177  0.9970  -4.0906   0.0000   0.2455
   7.050   0.7939   0.00810   0.00339  -0.0017  0.0173  0.9973  -4.1421   0.0000   0.2457
   7.100   0.8002   0.00815   0.00343  -0.0019  0.0168  0.9975  -4.1931   0.0000   0.2458
   7.150   0.8064   0.00820   0.00347  -0.0020  0.0164  0.9977  -4.2438   0.0000   0.2460
   7.200   0.8127   0.00825   0.00352  -0.0022  0.0160  0.9979  -4.2943   0.0000   0.2461
   7.250   0.8189   0.00831   0.00356  -0.0024  0.0155  0.9982  -4.3446   0.0000   0.2463
   7.300   0.8252   0.00836   0.00361  -0.0025  0.0149  0.9984  -4.3945   0.0000   0.2464
   7.350   0.8314   0.00842   0.00367  -0.0027  0.0143  0.9986  -4.4436   0.0000   0.2465
   7.400   0.8377   0.00848   0.00373  -0.0029  0.0137  0.9988  -4.4917   0.0000   0.2466
   7.450   0.8439   0.00854   0.00379  -0.0030  0.0132  0.9989  -4.5395   0.0000   0.2467
   7.500   0.8501   0.00860   0.00386  -0.0032  0.0128  0.9991  -4.5874   0.0000   0.2468
   7.550   0.8563   0.00866   0.00393  -0.0033  0.0126  0.9993  -4.6355   0.0000   0.2469
   7.600   0.8625   0.00873   0.00400  -0.0035  0.0123  0.9994  -4.6837   0.0000   0.2470
   7.650   0.8687   0.00879   0.00407  -0.0036  0.0121  0.9996  -4.7331   0.0000   0.2471
   7.700   0.8750   0.00883   0.00410  -0.0038  0.0121  0.9997  -4.7875   0.0000   0.2473
   7.750   0.8813   0.00886   0.00414  -0.0040  0.0121  0.9998  -4.8421   0.0000   0.2474
   7.800   0.8876   0.00890   0.00417  -0.0042  0.0121  0.9999  -4.8969   0.0000   0.2475
   7.850   0.8934   0.00893   0.00421  -0.0042  0.0121  1.0000  -4.9499   0.0000   0.2475
   7.900   0.8981   0.00897   0.00424  -0.0041  0.0121  1.0000  -4.9979   0.0000   0.2472
   7.950   0.9028   0.00900   0.00427  -0.0039  0.0121  1.0000  -5.0527   0.0000   0.2470
   8.000   0.9076   0.00903   0.00430  -0.0037  0.0121  1.0000  -5.1098   0.0000   0.2467
   8.050   0.9123   0.00906   0.00433  -0.0036  0.0121  1.0000  -5.1672   0.0000   0.2464
   8.100   0.9171   0.00910   0.00437  -0.0034  0.0120  1.0000  -5.2249   0.0000   0.2462
   8.150   0.9219   0.00913   0.00440  -0.0033  0.0120  1.0000  -5.2830   0.0000   0.2459
   8.200   0.9267   0.00916   0.00443  -0.0031  0.0120  1.0000  -5.3414   0.0000   0.2457
   8.250   0.9315   0.00920   0.00446  -0.0029  0.0120  1.0000  -5.4001   0.0000   0.2455
   8.300   0.9363   0.00923   0.00450  -0.0028  0.0120  1.0000  -5.4591   0.0000   0.2452
   8.350   0.9411   0.00927   0.00453  -0.0026  0.0119  1.0000  -5.5185   0.0000   0.2450
   8.400   0.9459   0.00930   0.00457  -0.0025  0.0119  1.0000  -5.5782   0.0000   0.2448
   8.450   0.9508   0.00934   0.00460  -0.0024  0.0118  1.0000  -5.6381   0.0000   0.2446
   8.500   0.9556   0.00937   0.00464  -0.0022  0.0118  1.0000  -5.6984   0.0000   0.2444
   8.550   0.9605   0.00941   0.00467  -0.0021  0.0117  1.0000  -5.7589   0.0000   0.2441
   8.600   0.9654   0.00945   0.00471  -0.0020  0.0117  1.0000  -5.8197   0.0000   0.2439
   8.650   0.9702   0.00949   0.00475  -0.0018  0.0116  1.0000  -5.8806   0.0000   0.2437
   8.700   0.9751   0.00953   0.00480  -0.0017  0.0114  1.0000  -5.9432   0.0000   0.2435
   8.750   0.9800   0.00957   0.00484  -0.0016  0.0113  1.0000  -6.0050   0.0000   0.2433
   8.800   0.9849   0.00962   0.00489  -0.0014  0.0112  1.0000  -6.0666   0.0000   0.2431
   8.850   0.9897   0.00967   0.00493  -0.0013  0.0110  1.0000  -6.1281   0.0000   0.2429
   8.900   0.9945   0.00972   0.00498  -0.0012  0.0108  1.0000  -6.1897   0.0000   0.2427
   8.950   0.9993   0.00977   0.00503  -0.0010  0.0105  1.0000  -6.2511   0.0000   0.2425
   9.000   1.0041   0.00983   0.00508  -0.0009  0.0102  1.0000  -6.3124   0.0000   0.2423
   9.050   1.0088   0.00990   0.00514  -0.0007  0.0099  1.0000  -6.3730   0.0000   0.2421
   9.100   1.0135   0.00998   0.00521  -0.0006  0.0095  1.0000  -6.4326   0.0000   0.2419
   9.150   1.0182   0.01007   0.00530  -0.0004  0.0089  1.0000  -6.4897   0.0000   0.2417
   9.200   1.0228   0.01017   0.00540  -0.0002  0.0084  1.0000  -6.5436   0.0000   0.2414
   9.250   1.0274   0.01026   0.00550  -0.0001  0.0081  1.0000  -6.5993   0.0000   0.2412
   9.300   1.0322   0.01034   0.00560   0.0001  0.0079  1.0000  -6.6569   0.0000   0.2410
   9.350   1.0370   0.01043   0.00569   0.0002  0.0078  1.0000  -6.7156   0.0000   0.2408
   9.400   1.0418   0.01051   0.00578   0.0004  0.0077  1.0000  -6.7750   0.0000   0.2406
   9.450   1.0466   0.01059   0.00587   0.0005  0.0076  1.0000  -6.8350   0.0000   0.2404
   9.500   1.0514   0.01067   0.00597   0.0007  0.0075  1.0000  -6.8955   0.0000   0.2402
   9.550   1.0563   0.01075   0.00606   0.0008  0.0075  1.0000  -6.9563   0.0000   0.2400
   9.600   1.0611   0.01083   0.00616   0.0009  0.0074  1.0000  -7.0173   0.0000   0.2398
   9.650   1.0659   0.01092   0.00625   0.0010  0.0074  1.0000  -7.0787   0.0000   0.2397
   9.700   1.0707   0.01100   0.00635   0.0012  0.0073  1.0000  -7.1402   0.0000   0.2395
   9.750   1.0756   0.01109   0.00645   0.0013  0.0073  1.0000  -7.2019   0.0000   0.2393
   9.800   1.0804   0.01118   0.00656   0.0014  0.0073  1.0000  -7.2638   0.0000   0.2391
   9.850   1.0852   0.01127   0.00666   0.0015  0.0072  1.0000  -7.3257   0.0000   0.2390
   9.900   1.0899   0.01137   0.00677   0.0017  0.0072  1.0000  -7.3877   0.0000   0.2388
   9.950   1.0947   0.01147   0.00688   0.0018  0.0071  1.0000  -7.4497   0.0000   0.2386
  10.000   1.0994   0.01157   0.00700   0.0019  0.0071  1.0000  -7.5117   0.0000   0.2384
  10.050   1.1042   0.01167   0.00712   0.0021  0.0071  1.0000  -7.5737   0.0000   0.2383
  10.100   1.1089   0.01178   0.00724   0.0022  0.0071  1.0000  -7.6356   0.0000   0.2381
  10.150   1.1135   0.01189   0.00737   0.0023  0.0070  1.0000  -7.6973   0.0000   0.2379
  10.200   1.1182   0.01201   0.00751   0.0025  0.0070  1.0000  -7.7589   0.0000   0.2377
  10.250   1.1228   0.01213   0.00765   0.0026  0.0070  1.0000  -7.8202   0.0000   0.2375
  10.300   1.1273   0.01226   0.00779   0.0028  0.0069  1.0000  -7.8812   0.0000   0.2373
  10.350   1.1318   0.01239   0.00795   0.0029  0.0069  1.0000  -7.9418   0.0000   0.2371
  10.400   1.1364   0.01251   0.00809   0.0031  0.0069  1.0000  -8.0045   0.0000   0.2370
  10.450   1.1414   0.01258   0.00816   0.0032  0.0069  1.0000  -8.0741   0.0000   0.2368
  10.500   1.1465   0.01263   0.00822   0.0032  0.0069  1.0000  -8.1454   0.0000   0.2367
  10.550   1.1515   0.01269   0.00828   0.0033  0.0069  1.0000  -8.2163   0.0000   0.2366
  10.600   1.1565   0.01275   0.00834   0.0034  0.0069  1.0000  -8.2872   0.0000   0.2365
  10.650   1.1615   0.01282   0.00841   0.0034  0.0069  1.0000  -8.3582   0.0000   0.2364
  10.700   1.1664   0.01288   0.00848   0.0035  0.0069  1.0000  -8.4296   0.0000   0.2362
  10.750   1.1714   0.01295   0.00855   0.0036  0.0069  1.0000  -8.5012   0.0000   0.2361
  10.800   1.1764   0.01301   0.00862   0.0037  0.0069  1.0000  -8.5732   0.0000   0.2360
  10.850   1.1814   0.01308   0.00868   0.0037  0.0069  1.0000  -8.6454   0.0000   0.2359
  10.900   1.1863   0.01314   0.00875   0.0038  0.0069  1.0000  -8.7180   0.0000   0.2357
  10.950   1.1913   0.01321   0.00882   0.0039  0.0069  1.0000  -8.7908   0.0000   0.2356
  11.000   1.1963   0.01327   0.00889   0.0040  0.0069  1.0000  -8.8640   0.0000   0.2355
  11.050   1.2012   0.01333   0.00896   0.0040  0.0069  1.0000  -8.9374   0.0000   0.2354
  11.100   1.2062   0.01340   0.00902   0.0041  0.0068  1.0000  -9.0112   0.0000   0.2353
  11.150   1.2112   0.01346   0.00909   0.0042  0.0068  1.0000  -9.0853   0.0000   0.2352
  11.200   1.2161   0.01353   0.00915   0.0043  0.0068  1.0000  -9.1597   0.0000   0.2350
  11.250   1.2211   0.01359   0.00922   0.0043  0.0068  1.0000  -9.2344   0.0000   0.2349
  11.300   1.2260   0.01365   0.00929   0.0044  0.0068  1.0000  -9.3094   0.0000   0.2348
  11.350   1.2310   0.01372   0.00935   0.0045  0.0068  1.0000  -9.3847   0.0000   0.2347
  11.400   1.2359   0.01378   0.00942   0.0045  0.0068  1.0000  -9.4603   0.0000   0.2346
  11.450   1.2409   0.01384   0.00948   0.0046  0.0068  1.0000  -9.5362   0.0000   0.2344
  11.500   1.2458   0.01390   0.00955   0.0047  0.0068  1.0000  -9.6123   0.0000   0.2343
  11.550   1.2508   0.01397   0.00961   0.0048  0.0068  1.0000  -9.6888   0.0000   0.2342
  11.600   1.2557   0.01403   0.00967   0.0048  0.0068  1.0000  -9.7656   0.0000   0.2341
  11.650   1.2607   0.01409   0.00974   0.0049  0.0068  1.0000  -9.8427   0.0000   0.2340
  11.700   1.2656   0.01415   0.00980   0.0050  0.0068  1.0000  -9.9201   0.0000   0.2339
  11.750   1.2706   0.01421   0.00986   0.0050  0.0068  1.0000  -9.9977   0.0000   0.2337
  11.800   1.2755   0.01428   0.00993   0.0051  0.0068  1.0000  -10.0757   0.0000   0.2336
  11.850   1.2804   0.01434   0.00999   0.0052  0.0068  1.0000  -10.1539   0.0000   0.2335
  11.900   1.2853   0.01440   0.01005   0.0053  0.0068  1.0000  -10.2324   0.0000   0.2334
  11.950   1.2903   0.01446   0.01012   0.0053  0.0068  1.0000  -10.3111   0.0000   0.2333
  12.000   1.2952   0.01452   0.01018   0.0054  0.0068  1.0000  -10.3902   0.0000   0.2332
  12.050   1.3001   0.01458   0.01024   0.0055  0.0068  1.0000  -10.4695   0.0000   0.2330
  12.100   1.3050   0.01464   0.01030   0.0055  0.0068  1.0000  -10.5490   0.0000   0.2329
  12.150   1.3099   0.01470   0.01036   0.0056  0.0068  1.0000  -10.6289   0.0000   0.2328
  12.200   1.3148   0.01476   0.01043   0.0057  0.0068  1.0000  -10.7090   0.0000   0.2327
  12.250   1.3196   0.01483   0.01051   0.0058  0.0068  1.0000  -10.7886   0.0000   0.2326
  12.300   1.3245   0.01490   0.01057   0.0058  0.0067  1.0000  -10.8690   0.0000   0.2324
  12.350   1.3294   0.01496   0.01064   0.0059  0.0067  1.0000  -10.9497   0.0000   0.2323
  12.400   1.3343   0.01502   0.01070   0.0060  0.0067  1.0000  -11.0308   0.0000   0.2322
  12.450   1.3391   0.01508   0.01076   0.0061  0.0067  1.0000  -11.1121   0.0000   0.2321
  12.500   1.3440   0.01514   0.01082   0.0061  0.0067  1.0000  -11.1937   0.0000   0.2320
  12.550   1.3489   0.01521   0.01089   0.0062  0.0067  1.0000  -11.2755   0.0000   0.2318
  12.600   1.3537   0.01527   0.01095   0.0063  0.0067  1.0000  -11.3575   0.0000   0.2317
  12.650   1.3586   0.01533   0.01101   0.0064  0.0067  1.0000  -11.4397   0.0000   0.2316
  12.700   1.3634   0.01539   0.01107   0.0064  0.0067  1.0000  -11.5222   0.0000   0.2315
  12.750   1.3682   0.01545   0.01114   0.0065  0.0067  1.0000  -11.6048   0.0000   0.2313
  12.800   1.3731   0.01551   0.01120   0.0066  0.0067  1.0000  -11.6877   0.0000   0.2312
  12.850   1.3779   0.01558   0.01126   0.0067  0.0067  1.0000  -11.7707   0.0000   0.2311
  12.900   1.3827   0.01564   0.01133   0.0068  0.0067  1.0000  -11.8540   0.0000   0.2310
  12.950   1.3875   0.01570   0.01139   0.0068  0.0066  1.0000  -11.9374   0.0000   0.2309
  13.000   1.3923   0.01577   0.01146   0.0069  0.0066  1.0000  -12.0210   0.0000   0.2307
  13.050   1.3971   0.01583   0.01152   0.0070  0.0066  1.0000  -12.1048   0.0000   0.2306
  13.100   1.4018   0.01590   0.01159   0.0071  0.0066  1.0000  -12.1887   0.0000   0.2305
  13.150   1.4066   0.01596   0.01166   0.0072  0.0066  1.0000  -12.2728   0.0000   0.2303
  13.200   1.4114   0.01603   0.01172   0.0073  0.0066  1.0000  -12.3570   0.0000   0.2302
  13.250   1.4161   0.01609   0.01179   0.0073  0.0066  1.0000  -12.4414   0.0000   0.2301
  13.300   1.4208   0.01616   0.01186   0.0074  0.0066  1.0000  -12.5259   0.0000   0.2300
  13.350   1.4255   0.01623   0.01193   0.0075  0.0065  1.0000  -12.6105   0.0000   0.2298
  13.400   1.4302   0.01629   0.01200   0.0076  0.0065  1.0000  -12.6952   0.0000   0.2297
  13.450   1.4349   0.01636   0.01207   0.0077  0.0065  1.0000  -12.7801   0.0000   0.2296
  13.500   1.4396   0.01643   0.01214   0.0078  0.0065  1.0000  -12.8650   0.0000   0.2294
  13.550   1.4443   0.01650   0.01221   0.0079  0.0065  1.0000  -12.9500   0.0000   0.2293
  13.600   1.4489   0.01657   0.01228   0.0080  0.0065  1.0000  -13.0351   0.0000   0.2292
  13.650   1.4535   0.01664   0.01235   0.0081  0.0064  1.0000  -13.1203   0.0000   0.2290
  13.700   1.4582   0.01672   0.01243   0.0082  0.0064  1.0000  -13.2056   0.0000   0.2289
  13.750   1.4628   0.01679   0.01250   0.0083  0.0064  1.0000  -13.2909   0.0000   0.2287
  13.800   1.4673   0.01686   0.01258   0.0084  0.0064  1.0000  -13.3762   0.0000   0.2286
  13.850   1.4719   0.01694   0.01266   0.0085  0.0063  1.0000  -13.4616   0.0000   0.2285
  13.900   1.4765   0.01702   0.01274   0.0086  0.0063  1.0000  -13.5469   0.0000   0.2283
  13.950   1.4810   0.01709   0.01282   0.0087  0.0063  1.0000  -13.6323   0.0000   0.2282
  14.000   1.4855   0.01717   0.01290   0.0088  0.0062  1.0000  -13.7177   0.0000   0.2280
  14.050   1.4900   0.01725   0.01298   0.0089  0.0062  1.0000  -13.8030   0.0000   0.2279
  14.100   1.4945   0.01733   0.01306   0.0090  0.0062  1.0000  -13.8884   0.0000   0.2277
  14.150   1.4989   0.01741   0.01315   0.0092  0.0061  1.0000  -13.9737   0.0000   0.2276
  14.200   1.5034   0.01749   0.01323   0.0093  0.0061  1.0000  -14.0589   0.0000   0.2274
  14.250   1.5077   0.01758   0.01332   0.0094  0.0060  1.0000  -14.1440   0.0000   0.2273
  14.300   1.5121   0.01767   0.01341   0.0095  0.0060  1.0000  -14.2289   0.0000   0.2271
  14.350   1.5164   0.01776   0.01350   0.0097  0.0059  1.0000  -14.3136   0.0000   0.2270
  14.400   1.5207   0.01785   0.01359   0.0098  0.0059  1.0000  -14.3981   0.0000   0.2268
  14.450   1.5250   0.01794   0.01368   0.0099  0.0058  1.0000  -14.4824   0.0000   0.2266
  14.500   1.5292   0.01804   0.01378   0.0101  0.0057  1.0000  -14.5664   0.0000   0.2265
  14.550   1.5334   0.01814   0.01388   0.0102  0.0056  1.0000  -14.6499   0.0000   0.2263
  14.600   1.5375   0.01824   0.01399   0.0104  0.0056  1.0000  -14.7328   0.0000   0.2261
  14.650   1.5416   0.01835   0.01409   0.0105  0.0055  1.0000  -14.8150   0.0000   0.2259
  14.700   1.5456   0.01847   0.01421   0.0107  0.0054  1.0000  -14.8964   0.0000   0.2258
  14.750   1.5495   0.01859   0.01433   0.0109  0.0053  1.0000  -14.9765   0.0000   0.2256
  14.800   1.5532   0.01872   0.01446   0.0111  0.0051  1.0000  -15.0547   0.0000   0.2254
  14.850   1.5568   0.01887   0.01460   0.0113  0.0050  1.0000  -15.1294   0.0000   0.2252
  14.900   1.5599   0.01907   0.01479   0.0116  0.0047  1.0000  -15.1914   0.0000   0.2249
  14.950   1.5490   0.02061   0.01655   0.0136  0.0034  1.0000  -14.8851   0.0000   0.2235
  15.000   1.5511   0.02089   0.01686   0.0140  0.0034  1.0000  -14.9296   0.0000   0.2232


