  -5.000  -0.3378   0.00677   0.00187  -0.0437  0.7793  0.0361  -2.4856   0.0000   0.1129
  -4.750  -0.3095   0.00670   0.00176  -0.0436  0.7649  0.0386  -2.3272   0.0000   0.1011
  -4.500  -0.2817   0.00660   0.00165  -0.0436  0.7482  0.0438  -2.1736   0.0000   0.0873
  -4.250  -0.2533   0.00653   0.00156  -0.0436  0.7342  0.0467  -2.0213   0.0000   0.0697
  -4.000  -0.2253   0.00649   0.00148  -0.0436  0.7141  0.0512  -1.8739   0.0000   0.0483
  -3.750  -0.1971   0.00640   0.00139  -0.0435  0.6987  0.0571  -1.7297   0.0000   0.0203
  -3.500  -0.1689   0.00637   0.00132  -0.0435  0.6786  0.0623  -1.5890   0.0000  -0.0170
  -3.250  -0.1411   0.00632   0.00124  -0.0435  0.6575  0.0712  -1.4699   0.0000  -0.0684
  -3.000  -0.1126   0.00626   0.00117  -0.0435  0.6439  0.0790  -1.3564   0.0000  -0.1481
  -2.750  -0.0845   0.00623   0.00111  -0.0435  0.6237  0.0865  -1.2461   0.0000  -0.2788
  -2.500  -0.0563   0.00618   0.00106  -0.0435  0.6064  0.0979  -1.1384   0.0000  -0.5414
  -2.250  -0.0280   0.00615   0.00101  -0.0436  0.5874  0.1092  -1.0329   0.0000  -1.3367
  -2.000   0.0000   0.00613   0.00097  -0.0436  0.5654  0.1240  -0.9318   0.0000  15750.2160
  -1.750   0.0284   0.00608   0.00094  -0.0436  0.5518  0.1373  -0.8466   0.0000   1.8075
  -1.500   0.0565   0.00605   0.00090  -0.0436  0.5331  0.1545  -0.7633   0.0000   1.0297
  -1.250   0.0845   0.00603   0.00088  -0.0436  0.5122  0.1754  -0.6821   0.0000   0.7701
  -1.000   0.1128   0.00599   0.00086  -0.0437  0.4977  0.1968  -0.6060   0.0000   0.6388
  -0.750   0.1409   0.00597   0.00085  -0.0437  0.4784  0.2191  -0.5476   0.0000   0.5606
  -0.500   0.1689   0.00589   0.00083  -0.0437  0.4656  0.2569  -0.5705   0.0000   0.5084
  -0.250   0.1969   0.00584   0.00082  -0.0438  0.4480  0.2913  -0.5935   0.0000   0.4711
   0.000   0.2241   0.00562   0.00081  -0.0437  0.4357  0.3772  -0.6178   0.0000   0.4435
   0.250   0.2516   0.00549   0.00081  -0.0437  0.4207  0.4427  -0.6425   0.0000   0.4217
   0.500   0.2795   0.00541   0.00082  -0.0437  0.4098  0.4910  -0.6676   0.0000   0.4040
   0.750   0.3074   0.00537   0.00085  -0.0437  0.3947  0.5344  -0.6939   0.0000   0.3896
   1.000   0.3357   0.00530   0.00087  -0.0438  0.3882  0.5744  -0.7215   0.0000   0.3775
   1.250   0.3635   0.00528   0.00090  -0.0438  0.3770  0.6154  -0.7489   0.0000   0.3673
   1.500   0.3917   0.00524   0.00093  -0.0438  0.3668  0.6536  -0.7785   0.0000   0.3584
   1.750   0.4200   0.00520   0.00097  -0.0438  0.3612  0.6899  -0.8087   0.0000   0.3508
   2.000   0.4478   0.00517   0.00102  -0.0438  0.3526  0.7319  -0.8402   0.0000   0.3440
   2.250   0.4756   0.00516   0.00107  -0.0437  0.3413  0.7693  -0.8729   0.0000   0.3380
   2.500   0.5036   0.00510   0.00112  -0.0437  0.3381  0.8075  -0.9082   0.0000   0.3326
   2.750   0.5312   0.00509   0.00117  -0.0436  0.3316  0.8433  -0.9452   0.0000   0.3276
   3.000   0.5583   0.00512   0.00124  -0.0433  0.3212  0.8775  -0.9849   0.0000   0.3230
   3.250   0.5851   0.00511   0.00131  -0.0430  0.3145  0.9103  -1.0288   0.0000   0.3186
   3.500   0.6117   0.00512   0.00138  -0.0425  0.3095  0.9374  -1.0785   0.0000   0.3145
   3.750   0.6370   0.00523   0.00147  -0.0418  0.2967  0.9605  -1.1355   0.0000   0.3105
   4.000   0.6638   0.00531   0.00154  -0.0415  0.2873  0.9747  -1.2025   0.0000   0.3071
   4.250   0.6918   0.00547   0.00164  -0.0415  0.2727  0.9821  -1.2791   0.0000   0.3043
   4.500   0.7224   0.00561   0.00172  -0.0421  0.2588  0.9871  -1.3692   0.0000   0.3024
   4.750   0.7508   0.00580   0.00183  -0.0423  0.2410  0.9918  -1.4603   0.0000   0.3002
   5.000   0.7818   0.00603   0.00197  -0.0431  0.2224  0.9939  -1.5680   0.0000   0.2988
   5.250   0.8137   0.00630   0.00212  -0.0441  0.1992  0.9952  -1.6838   0.0000   0.2976
   5.500   0.8455   0.00654   0.00227  -0.0451  0.1825  0.9964  -1.8019   0.0000   0.2965
   5.750   0.8767   0.00683   0.00246  -0.0460  0.1616  0.9978  -1.9264   0.0000   0.2954
   6.000   0.9072   0.00717   0.00267  -0.0468  0.1367  0.9990  -2.0673   0.0000   0.2943
   6.250   0.9381   0.00747   0.00288  -0.0476  0.1185  0.9999  -2.2119   0.0000   0.2932
   6.750   0.9839   0.00802   0.00327  -0.0457  0.0916  1.0000  -2.4701   0.0000   0.2884
   7.000   1.0075   0.00827   0.00345  -0.0449  0.0810  1.0000  -2.6046   0.0000   0.2862
   7.250   1.0309   0.00855   0.00367  -0.0441  0.0693  1.0000  -2.7410   0.0000   0.2841
   7.500   1.0548   0.00885   0.00390  -0.0434  0.0589  1.0000  -2.8969   0.0000   0.2822
   7.750   1.0795   0.00911   0.00412  -0.0429  0.0531  1.0000  -3.0683   0.0000   0.2804
   8.000   1.1046   0.00936   0.00433  -0.0424  0.0466  1.0000  -3.2436   0.0000   0.2788
   8.250   1.1297   0.00961   0.00455  -0.0420  0.0427  1.0000  -3.4231   0.0000   0.2773
   8.500   1.1546   0.00990   0.00480  -0.0416  0.0368  1.0000  -3.6043   0.0000   0.2758
   8.750   1.1802   0.01011   0.00500  -0.0412  0.0350  1.0000  -3.7927   0.0000   0.2744
   9.000   1.2050   0.01040   0.00526  -0.0408  0.0319  1.0000  -3.9815   0.0000   0.2730
   9.250   1.2297   0.01070   0.00554  -0.0404  0.0276  1.0000  -4.1711   0.0000   0.2716
   9.500   1.2551   0.01093   0.00576  -0.0400  0.0265  1.0000  -4.3686   0.0000   0.2703
   9.750   1.2801   0.01119   0.00601  -0.0397  0.0252  1.0000  -4.5687   0.0000   0.2690
  10.000   1.3041   0.01152   0.00632  -0.0391  0.0228  1.0000  -4.7679   0.0000   0.2677
  10.250   1.3279   0.01187   0.00664  -0.0386  0.0195  1.0000  -4.9674   0.0000   0.2664
  10.500   1.3524   0.01213   0.00691  -0.0382  0.0187  1.0000  -5.1758   0.0000   0.2651
  10.750   1.3769   0.01239   0.00718  -0.0377  0.0184  1.0000  -5.3882   0.0000   0.2640
  11.000   1.4009   0.01268   0.00747  -0.0372  0.0177  1.0000  -5.6020   0.0000   0.2627
  11.250   1.4239   0.01303   0.00781  -0.0366  0.0165  1.0000  -5.8466   0.0000   0.2615
  11.500   1.4461   0.01343   0.00820  -0.0359  0.0151  1.0000  -6.0905   0.0000   0.2602
  11.750   1.4679   0.01385   0.00862  -0.0350  0.0132  1.0000  -6.3334   0.0000   0.2588
  12.000   1.4892   0.01429   0.00908  -0.0341  0.0121  1.0000  -6.5759   0.0000   0.2574
  12.250   1.5117   0.01460   0.00940  -0.0335  0.0121  1.0000  -6.8365   0.0000   0.2562
  12.500   1.5338   0.01493   0.00974  -0.0327  0.0121  1.0000  -7.0992   0.0000   0.2550
  12.750   1.5554   0.01526   0.01009  -0.0319  0.0120  1.0000  -7.3635   0.0000   0.2538
  13.000   1.5765   0.01562   0.01047  -0.0311  0.0119  1.0000  -7.6294   0.0000   0.2525
  13.250   1.5967   0.01599   0.01086  -0.0301  0.0117  1.0000  -7.8936   0.0000   0.2512
  13.500   1.6151   0.01640   0.01127  -0.0288  0.0114  1.0000  -8.1509   0.0000   0.2497
  13.750   1.6306   0.01685   0.01174  -0.0270  0.0109  1.0000  -8.3943   0.0000   0.2480
  14.000   1.6445   0.01741   0.01230  -0.0250  0.0102  1.0000  -8.6297   0.0000   0.2462
  14.250   1.6566   0.01807   0.01297  -0.0228  0.0094  1.0000  -8.8542   0.0000   0.2443
  14.500   1.6667   0.01888   0.01381  -0.0205  0.0081  1.0000  -9.0582   0.0000   0.2424
  14.750   1.6764   0.01974   0.01472  -0.0183  0.0075  1.0000  -9.2604   0.0000   0.2405
  15.000   1.6863   0.02065   0.01571  -0.0163  0.0073  1.0000  -9.4668   0.0000   0.2388


