  -5.000  -0.5585   0.00601   0.00173   0.0001  0.8787  0.0316  -2.3610   0.0000   0.2454
  -4.950  -0.5530   0.00598   0.00170   0.0001  0.8754  0.0326  -2.3226   0.0000   0.2455
  -4.900  -0.5474   0.00595   0.00168   0.0001  0.8728  0.0335  -2.2844   0.0000   0.2455
  -4.850  -0.5419   0.00593   0.00165   0.0001  0.8694  0.0344  -2.2463   0.0000   0.2456
  -4.800  -0.5364   0.00592   0.00163   0.0002  0.8650  0.0351  -2.2084   0.0000   0.2457
  -4.750  -0.5309   0.00591   0.00161   0.0002  0.8600  0.0356  -2.1709   0.0000   0.2457
  -4.700  -0.5254   0.00590   0.00159   0.0002  0.8543  0.0360  -2.1334   0.0000   0.2458
  -4.650  -0.5198   0.00589   0.00157   0.0002  0.8504  0.0363  -2.0959   0.0000   0.2459
  -4.600  -0.5141   0.00587   0.00155   0.0002  0.8479  0.0372  -2.0585   0.0000   0.2459
  -4.550  -0.5086   0.00585   0.00153   0.0002  0.8444  0.0393  -2.0217   0.0000   0.2459
  -4.500  -0.5031   0.00583   0.00151   0.0002  0.8396  0.0415  -1.9883   0.0000   0.2460
  -4.450  -0.4977   0.00580   0.00149   0.0003  0.8340  0.0433  -1.9589   0.0000   0.2461
  -4.400  -0.4922   0.00579   0.00146   0.0003  0.8274  0.0448  -1.9294   0.0000   0.2462
  -4.350  -0.4866   0.00577   0.00144   0.0003  0.8236  0.0458  -1.8995   0.0000   0.2463
  -4.300  -0.4810   0.00575   0.00142   0.0003  0.8208  0.0465  -1.8698   0.0000   0.2463
  -4.250  -0.4754   0.00574   0.00141   0.0003  0.8169  0.0469  -1.8401   0.0000   0.2463
  -4.200  -0.4698   0.00573   0.00139   0.0003  0.8121  0.0476  -1.8108   0.0000   0.2464
  -4.150  -0.4643   0.00573   0.00137   0.0003  0.8063  0.0496  -1.7818   0.0000   0.2465
  -4.100  -0.4587   0.00572   0.00136   0.0003  0.7996  0.0517  -1.7530   0.0000   0.2465
  -4.050  -0.4532   0.00569   0.00133   0.0003  0.7961  0.0537  -1.7243   0.0000   0.2466
  -4.000  -0.4476   0.00566   0.00131   0.0003  0.7929  0.0555  -1.6957   0.0000   0.2466
  -3.950  -0.4420   0.00564   0.00129   0.0003  0.7884  0.0570  -1.6672   0.0000   0.2467
  -3.900  -0.4365   0.00564   0.00127   0.0004  0.7826  0.0581  -1.6389   0.0000   0.2467
  -3.850  -0.4309   0.00564   0.00126   0.0004  0.7759  0.0588  -1.6107   0.0000   0.2468
  -3.800  -0.4253   0.00563   0.00124   0.0004  0.7697  0.0596  -1.5825   0.0000   0.2468
  -3.750  -0.4197   0.00561   0.00123   0.0004  0.7673  0.0623  -1.5545   0.0000   0.2468
  -3.700  -0.4141   0.00559   0.00121   0.0004  0.7640  0.0651  -1.5268   0.0000   0.2469
  -3.650  -0.4086   0.00557   0.00119   0.0004  0.7592  0.0676  -1.4996   0.0000   0.2469
  -3.600  -0.4031   0.00555   0.00117   0.0004  0.7532  0.0698  -1.4728   0.0000   0.2470
  -3.550  -0.3975   0.00555   0.00115   0.0004  0.7460  0.0715  -1.4468   0.0000   0.2471
  -3.500  -0.3919   0.00554   0.00113   0.0004  0.7407  0.0723  -1.4193   0.0000   0.2471
  -3.450  -0.3862   0.00553   0.00111   0.0004  0.7378  0.0742  -1.3920   0.0000   0.2471
  -3.400  -0.3806   0.00551   0.00110   0.0004  0.7336  0.0778  -1.3650   0.0000   0.2471
  -3.350  -0.3751   0.00549   0.00108   0.0004  0.7281  0.0808  -1.3385   0.0000   0.2472
  -3.300  -0.3696   0.00548   0.00106   0.0004  0.7218  0.0834  -1.3121   0.0000   0.2473
  -3.250  -0.3640   0.00547   0.00105   0.0004  0.7148  0.0857  -1.2857   0.0000   0.2473
  -3.200  -0.3584   0.00545   0.00103   0.0004  0.7113  0.0873  -1.2591   0.0000   0.2473
  -3.150  -0.3528   0.00542   0.00101   0.0004  0.7083  0.0933  -1.2330   0.0000   0.2474
  -3.100  -0.3473   0.00539   0.00099   0.0004  0.7038  0.0983  -1.2074   0.0000   0.2474
  -3.050  -0.3418   0.00537   0.00098   0.0004  0.6980  0.1011  -1.1840   0.0000   0.2475
  -3.000  -0.3362   0.00538   0.00097   0.0004  0.6906  0.1025  -1.1626   0.0000   0.2476
  -2.950  -0.3306   0.00537   0.00095   0.0004  0.6836  0.1055  -1.1412   0.0000   0.2476
  -2.900  -0.3250   0.00535   0.00094   0.0004  0.6811  0.1100  -1.1199   0.0000   0.2476
  -2.850  -0.3194   0.00532   0.00092   0.0004  0.6777  0.1138  -1.0990   0.0000   0.2476
  -2.800  -0.3138   0.00530   0.00091   0.0004  0.6730  0.1167  -1.0780   0.0000   0.2477
  -2.750  -0.3082   0.00530   0.00090   0.0004  0.6674  0.1185  -1.0570   0.0000   0.2477
  -2.700  -0.3026   0.00531   0.00089   0.0004  0.6599  0.1198  -1.0362   0.0000   0.2477
  -2.650  -0.2970   0.00530   0.00087   0.0004  0.6539  0.1246  -1.0154   0.0000   0.2478
  -2.600  -0.2914   0.00527   0.00086   0.0004  0.6513  0.1292  -0.9949   0.0000   0.2478
  -2.500  -0.2802   0.00524   0.00083   0.0004  0.6420  0.1356  -0.9540   0.0000   0.2479
  -2.450  -0.2746   0.00524   0.00082   0.0004  0.6353  0.1371  -0.9337   0.0000   0.2479
  -2.400  -0.2690   0.00525   0.00082   0.0004  0.6279  0.1403  -0.9134   0.0000   0.2479
  -2.350  -0.2634   0.00522   0.00080   0.0004  0.6239  0.1457  -0.8934   0.0000   0.2479
  -2.300  -0.2578   0.00519   0.00078   0.0004  0.6213  0.1502  -0.8735   0.0000   0.2480
  -2.250  -0.2522   0.00518   0.00077   0.0003  0.6173  0.1539  -0.8565   0.0000   0.2480
  -2.200  -0.2466   0.00517   0.00076   0.0003  0.6120  0.1563  -0.8397   0.0000   0.2480
  -2.150  -0.2411   0.00517   0.00075   0.0003  0.6047  0.1639  -0.8233   0.0000   0.2481
  -2.100  -0.2356   0.00513   0.00074   0.0004  0.5970  0.1714  -0.8071   0.0000   0.2482
  -2.050  -0.2300   0.00511   0.00072   0.0003  0.5938  0.1753  -0.7905   0.0000   0.2482
  -2.000  -0.2243   0.00510   0.00072   0.0003  0.5908  0.1787  -0.7739   0.0000   0.2482
  -1.950  -0.2187   0.00508   0.00071   0.0003  0.5865  0.1856  -0.7576   0.0000   0.2482
  -1.900  -0.2132   0.00507   0.00069   0.0003  0.5812  0.1905  -0.7414   0.0000   0.2483
  -1.850  -0.2076   0.00507   0.00069   0.0003  0.5741  0.1940  -0.7252   0.0000   0.2483
  -1.800  -0.2020   0.00507   0.00068   0.0003  0.5668  0.1961  -0.7087   0.0000   0.2483
  -1.750  -0.1962   0.00506   0.00067   0.0003  0.5640  0.1983  -0.6925   0.0000   0.2483
  -1.700  -0.1906   0.00504   0.00066   0.0003  0.5608  0.2065  -0.6788   0.0000   0.2483
  -1.650  -0.1852   0.00501   0.00064   0.0003  0.5558  0.2139  -0.6654   0.0000   0.2484
  -1.600  -0.1796   0.00501   0.00064   0.0003  0.5498  0.2181  -0.6518   0.0000   0.2484
  -1.550  -0.1740   0.00501   0.00063   0.0003  0.5425  0.2223  -0.6382   0.0000   0.2485
  -1.500  -0.1684   0.00499   0.00062   0.0003  0.5365  0.2304  -0.6248   0.0000   0.2485
  -1.400  -0.1571   0.00495   0.00060   0.0003  0.5309  0.2394  -0.5978   0.0000   0.2485
  -1.350  -0.1515   0.00495   0.00060   0.0002  0.5259  0.2413  -0.5847   0.0000   0.2485
  -1.300  -0.1459   0.00497   0.00060   0.0002  0.5191  0.2447  -0.5731   0.0000   0.2485
  -1.250  -0.1404   0.00495   0.00059   0.0002  0.5110  0.2533  -0.5617   0.0000   0.2486
  -1.200  -0.1348   0.00492   0.00058   0.0002  0.5068  0.2603  -0.5502   0.0000   0.2486
  -1.150  -0.1291   0.00491   0.00057   0.0002  0.5043  0.2644  -0.5386   0.0000   0.2486
  -1.100  -0.1234   0.00491   0.00057   0.0002  0.5004  0.2684  -0.5271   0.0000   0.2486
  -1.050  -0.1179   0.00490   0.00056   0.0002  0.4952  0.2765  -0.5161   0.0000   0.2486
  -1.000  -0.1124   0.00489   0.00056   0.0002  0.4883  0.2824  -0.5062   0.0000   0.2487
  -0.950  -0.1068   0.00489   0.00055   0.0002  0.4803  0.2860  -0.4962   0.0000   0.2488
  -0.900  -0.1011   0.00488   0.00054   0.0002  0.4772  0.2887  -0.4861   0.0000   0.2487
  -0.850  -0.0954   0.00488   0.00054   0.0002  0.4741  0.2917  -0.4760   0.0000   0.2486
  -0.800  -0.0898   0.00487   0.00054   0.0002  0.4696  0.3006  -0.4664   0.0000   0.2486
  -0.750  -0.0843   0.00485   0.00053   0.0002  0.4638  0.3082  -0.4577   0.0000   0.2488
  -0.700  -0.0787   0.00486   0.00053   0.0002  0.4561  0.3126  -0.4489   0.0000   0.2489
  -0.650  -0.0730   0.00486   0.00053   0.0001  0.4501  0.3150  -0.4400   0.0000   0.2488
  -0.600  -0.0673   0.00485   0.00053   0.0001  0.4478  0.3203  -0.4312   0.0000   0.2486
  -0.550  -0.0617   0.00484   0.00052   0.0001  0.4439  0.3275  -0.4230   0.0000   0.2487
  -0.500  -0.0562   0.00483   0.00052   0.0001  0.4384  0.3337  -0.4153   0.0000   0.2488
  -0.450  -0.0506   0.00484   0.00052   0.0001  0.4314  0.3381  -0.4075   0.0000   0.2489
  -0.400  -0.0450   0.00485   0.00052   0.0001  0.4238  0.3408  -0.3996   0.0000   0.2488
  -0.350  -0.0393   0.00484   0.00051   0.0001  0.4209  0.3471  -0.3920   0.0000   0.2486
  -0.300  -0.0337   0.00482   0.00051   0.0001  0.4178  0.3551  -0.3849   0.0000   0.2487
  -0.250  -0.0281   0.00481   0.00051   0.0001  0.4132  0.3606  -0.3779   0.0000   0.2488
  -0.200  -0.0225   0.00482   0.00051   0.0000  0.4064  0.3646  -0.3709   0.0000   0.2490
  -0.150  -0.0169   0.00484   0.00051   0.0000  0.3981  0.3671  -0.3639   0.0000   0.2490
  -0.100  -0.0112   0.00483   0.00051   0.0000  0.3939  0.3724  -0.3574   0.0000   0.2484
  -0.050  -0.0056   0.00481   0.00051   0.0000  0.3914  0.3807  -0.3510   0.0000   0.2480
   0.000  -0.0000   0.00480   0.00050   0.0000  0.3870  0.3870  -0.3447   0.0000   0.3794
   0.050   0.0056   0.00481   0.00051  -0.0000  0.3807  0.3914  -0.3510   0.0000   0.2480
   0.100   0.0112   0.00483   0.00051  -0.0000  0.3724  0.3939  -0.3574   0.0000   0.2484
   0.150   0.0169   0.00484   0.00051  -0.0000  0.3671  0.3981  -0.3639   0.0000   0.2490
   0.200   0.0225   0.00482   0.00051  -0.0000  0.3646  0.4064  -0.3709   0.0000   0.2490
   0.250   0.0281   0.00481   0.00051  -0.0001  0.3606  0.4132  -0.3779   0.0000   0.2488
   0.300   0.0337   0.00482   0.00051  -0.0001  0.3551  0.4178  -0.3849   0.0000   0.2487
   0.350   0.0393   0.00484   0.00051  -0.0001  0.3471  0.4209  -0.3920   0.0000   0.2486
   0.400   0.0450   0.00485   0.00052  -0.0001  0.3408  0.4238  -0.3996   0.0000   0.2488
   0.450   0.0506   0.00484   0.00052  -0.0001  0.3381  0.4314  -0.4075   0.0000   0.2489
   0.500   0.0562   0.00483   0.00052  -0.0001  0.3337  0.4384  -0.4153   0.0000   0.2488
   0.550   0.0617   0.00484   0.00052  -0.0001  0.3275  0.4439  -0.4230   0.0000   0.2487
   0.600   0.0673   0.00485   0.00053  -0.0001  0.3203  0.4477  -0.4312   0.0000   0.2486
   0.650   0.0730   0.00486   0.00053  -0.0001  0.3150  0.4501  -0.4400   0.0000   0.2488
   0.700   0.0787   0.00486   0.00053  -0.0002  0.3126  0.4561  -0.4489   0.0000   0.2489
   0.750   0.0843   0.00485   0.00053  -0.0002  0.3081  0.4638  -0.4577   0.0000   0.2488
   0.800   0.0898   0.00487   0.00054  -0.0002  0.3006  0.4696  -0.4664   0.0000   0.2486
   0.850   0.0954   0.00488   0.00054  -0.0002  0.2917  0.4741  -0.4760   0.0000   0.2486
   0.900   0.1011   0.00488   0.00054  -0.0002  0.2887  0.4772  -0.4861   0.0000   0.2487
   0.950   0.1068   0.00489   0.00055  -0.0002  0.2860  0.4803  -0.4962   0.0000   0.2488
   1.000   0.1124   0.00489   0.00056  -0.0002  0.2824  0.4883  -0.5062   0.0000   0.2487
   1.050   0.1179   0.00490   0.00056  -0.0002  0.2765  0.4952  -0.5161   0.0000   0.2486
   1.100   0.1234   0.00491   0.00057  -0.0002  0.2683  0.5004  -0.5271   0.0000   0.2486
   1.150   0.1291   0.00491   0.00057  -0.0002  0.2644  0.5043  -0.5386   0.0000   0.2486
   1.200   0.1348   0.00492   0.00058  -0.0002  0.2603  0.5068  -0.5502   0.0000   0.2486
   1.250   0.1404   0.00495   0.00059  -0.0002  0.2533  0.5110  -0.5617   0.0000   0.2486
   1.300   0.1459   0.00497   0.00060  -0.0002  0.2447  0.5191  -0.5731   0.0000   0.2485
   1.350   0.1515   0.00495   0.00060  -0.0002  0.2413  0.5259  -0.5847   0.0000   0.2485
   1.400   0.1572   0.00495   0.00060  -0.0003  0.2394  0.5309  -0.5978   0.0000   0.2485
   1.450   0.1628   0.00496   0.00061  -0.0003  0.2362  0.5343  -0.6113   0.0000   0.2485
   1.500   0.1684   0.00499   0.00062  -0.0003  0.2304  0.5365  -0.6248   0.0000   0.2485
   1.550   0.1740   0.00501   0.00063  -0.0003  0.2222  0.5425  -0.6382   0.0000   0.2485
   1.600   0.1796   0.00501   0.00064  -0.0003  0.2181  0.5498  -0.6518   0.0000   0.2484
   1.650   0.1852   0.00501   0.00064  -0.0003  0.2139  0.5558  -0.6654   0.0000   0.2484
   1.700   0.1906   0.00504   0.00066  -0.0003  0.2065  0.5608  -0.6788   0.0000   0.2483
   1.750   0.1962   0.00506   0.00067  -0.0003  0.1983  0.5640  -0.6925   0.0000   0.2483
   1.800   0.2020   0.00507   0.00068  -0.0003  0.1961  0.5668  -0.7087   0.0000   0.2483
   1.850   0.2076   0.00507   0.00069  -0.0003  0.1940  0.5741  -0.7253   0.0000   0.2483
   1.900   0.2132   0.00507   0.00069  -0.0003  0.1905  0.5812  -0.7414   0.0000   0.2483
   1.950   0.2187   0.00508   0.00071  -0.0003  0.1856  0.5865  -0.7576   0.0000   0.2482
   2.000   0.2243   0.00510   0.00072  -0.0003  0.1787  0.5908  -0.7739   0.0000   0.2482
   2.050   0.2300   0.00511   0.00072  -0.0004  0.1753  0.5938  -0.7905   0.0000   0.2482
   2.100   0.2356   0.00513   0.00074  -0.0004  0.1714  0.5970  -0.8071   0.0000   0.2482
   2.150   0.2411   0.00517   0.00075  -0.0003  0.1639  0.6047  -0.8233   0.0000   0.2481
   2.200   0.2466   0.00517   0.00076  -0.0003  0.1563  0.6120  -0.8397   0.0000   0.2480
   2.250   0.2522   0.00518   0.00077  -0.0003  0.1539  0.6173  -0.8565   0.0000   0.2480
   2.300   0.2578   0.00519   0.00078  -0.0004  0.1502  0.6213  -0.8735   0.0000   0.2480
   2.350   0.2634   0.00522   0.00080  -0.0004  0.1457  0.6239  -0.8934   0.0000   0.2479
   2.400   0.2690   0.00525   0.00082  -0.0004  0.1403  0.6279  -0.9135   0.0000   0.2479
   2.450   0.2746   0.00524   0.00082  -0.0004  0.1371  0.6353  -0.9337   0.0000   0.2479
   2.500   0.2802   0.00524   0.00083  -0.0004  0.1356  0.6420  -0.9540   0.0000   0.2479
   2.550   0.2858   0.00524   0.00084  -0.0004  0.1331  0.6474  -0.9745   0.0000   0.2478
   2.600   0.2914   0.00527   0.00086  -0.0004  0.1292  0.6513  -0.9949   0.0000   0.2478
   2.650   0.2970   0.00530   0.00087  -0.0004  0.1246  0.6539  -1.0154   0.0000   0.2478
   2.700   0.3026   0.00531   0.00089  -0.0004  0.1198  0.6600  -1.0362   0.0000   0.2478
   2.750   0.3082   0.00530   0.00090  -0.0004  0.1185  0.6674  -1.0570   0.0000   0.2477
   2.800   0.3138   0.00530   0.00091  -0.0004  0.1167  0.6730  -1.0780   0.0000   0.2477
   2.850   0.3194   0.00532   0.00092  -0.0004  0.1138  0.6777  -1.0990   0.0000   0.2476
   2.900   0.3250   0.00535   0.00094  -0.0004  0.1100  0.6811  -1.1200   0.0000   0.2476
   2.950   0.3306   0.00537   0.00095  -0.0004  0.1055  0.6836  -1.1412   0.0000   0.2476
   3.000   0.3362   0.00538   0.00097  -0.0004  0.1025  0.6906  -1.1626   0.0000   0.2476
   3.050   0.3418   0.00537   0.00098  -0.0004  0.1011  0.6980  -1.1840   0.0000   0.2475
   3.100   0.3473   0.00539   0.00099  -0.0004  0.0983  0.7038  -1.2074   0.0000   0.2475
   3.150   0.3528   0.00542   0.00101  -0.0004  0.0933  0.7083  -1.2330   0.0000   0.2474
   3.200   0.3584   0.00545   0.00103  -0.0004  0.0873  0.7113  -1.2591   0.0000   0.2473
   3.250   0.3640   0.00547   0.00105  -0.0004  0.0857  0.7148  -1.2857   0.0000   0.2473
   3.300   0.3696   0.00548   0.00106  -0.0004  0.0834  0.7218  -1.3122   0.0000   0.2473
   3.350   0.3751   0.00549   0.00108  -0.0004  0.0808  0.7281  -1.3385   0.0000   0.2472
   3.400   0.3806   0.00551   0.00110  -0.0004  0.0778  0.7336  -1.3651   0.0000   0.2471
   3.450   0.3862   0.00553   0.00111  -0.0004  0.0742  0.7378  -1.3920   0.0000   0.2471
   3.500   0.3919   0.00554   0.00113  -0.0004  0.0723  0.7407  -1.4193   0.0000   0.2471
   3.550   0.3975   0.00555   0.00115  -0.0004  0.0715  0.7460  -1.4468   0.0000   0.2471
   3.600   0.4031   0.00555   0.00117  -0.0004  0.0698  0.7532  -1.4728   0.0000   0.2470
   3.650   0.4086   0.00557   0.00119  -0.0004  0.0676  0.7592  -1.4996   0.0000   0.2469
   3.700   0.4141   0.00559   0.00121  -0.0004  0.0651  0.7640  -1.5269   0.0000   0.2469
   3.750   0.4197   0.00561   0.00123  -0.0004  0.0623  0.7673  -1.5545   0.0000   0.2468
   3.800   0.4253   0.00563   0.00124  -0.0004  0.0596  0.7697  -1.5825   0.0000   0.2468
   3.850   0.4310   0.00564   0.00126  -0.0004  0.0588  0.7759  -1.6107   0.0000   0.2468
   3.900   0.4365   0.00564   0.00127  -0.0004  0.0581  0.7826  -1.6389   0.0000   0.2467
   3.950   0.4421   0.00564   0.00129  -0.0003  0.0570  0.7884  -1.6673   0.0000   0.2467
   4.000   0.4476   0.00566   0.00131  -0.0003  0.0555  0.7929  -1.6957   0.0000   0.2466
   4.050   0.4532   0.00569   0.00133  -0.0003  0.0537  0.7961  -1.7243   0.0000   0.2466
   4.100   0.4588   0.00572   0.00136  -0.0003  0.0517  0.7996  -1.7531   0.0000   0.2465
   4.150   0.4643   0.00573   0.00137  -0.0003  0.0496  0.8064  -1.7818   0.0000   0.2465
   4.200   0.4698   0.00573   0.00139  -0.0003  0.0476  0.8121  -1.8108   0.0000   0.2464
   4.250   0.4754   0.00574   0.00141  -0.0003  0.0469  0.8169  -1.8402   0.0000   0.2463
   4.300   0.4810   0.00575   0.00142  -0.0003  0.0465  0.8208  -1.8698   0.0000   0.2463
   4.350   0.4867   0.00577   0.00144  -0.0003  0.0458  0.8236  -1.8996   0.0000   0.2463
   4.400   0.4922   0.00579   0.00146  -0.0003  0.0448  0.8274  -1.9294   0.0000   0.2462
   4.450   0.4977   0.00580   0.00149  -0.0003  0.0433  0.8340  -1.9589   0.0000   0.2461
   4.500   0.5031   0.00583   0.00151  -0.0002  0.0415  0.8396  -1.9884   0.0000   0.2460
   4.550   0.5086   0.00585   0.00153  -0.0002  0.0393  0.8444  -2.0218   0.0000   0.2460
   4.600   0.5142   0.00587   0.00155  -0.0002  0.0372  0.8479  -2.0586   0.0000   0.2459
   4.650   0.5198   0.00589   0.00157  -0.0002  0.0363  0.8504  -2.0960   0.0000   0.2459
   4.700   0.5254   0.00590   0.00159  -0.0002  0.0360  0.8543  -2.1335   0.0000   0.2458
   4.750   0.5309   0.00591   0.00161  -0.0002  0.0356  0.8600  -2.1709   0.0000   0.2458
   4.800   0.5364   0.00592   0.00163  -0.0002  0.0351  0.8650  -2.2085   0.0000   0.2457
   4.850   0.5419   0.00593   0.00165  -0.0001  0.0344  0.8694  -2.2464   0.0000   0.2456
   4.900   0.5474   0.00595   0.00168  -0.0001  0.0335  0.8728  -2.2845   0.0000   0.2455
   4.950   0.5530   0.00598   0.00170  -0.0001  0.0326  0.8754  -2.3227   0.0000   0.2455
   5.000   0.5585   0.00601   0.00173  -0.0001  0.0316  0.8787  -2.3611   0.0000   0.2454
   5.050   0.5639   0.00603   0.00175  -0.0001  0.0306  0.8842  -2.3993   0.0000   0.2453
   5.100   0.5693   0.00604   0.00177  -0.0000  0.0295  0.8889  -2.4378   0.0000   0.2452
   5.150   0.5748   0.00606   0.00180   0.0000  0.0284  0.8929  -2.4768   0.0000   0.2451
   5.200   0.5804   0.00608   0.00182   0.0000  0.0274  0.8961  -2.5161   0.0000   0.2451
   5.250   0.5860   0.00609   0.00184   0.0000  0.0269  0.8986  -2.5559   0.0000   0.2450
   5.300   0.5916   0.00611   0.00186   0.0000  0.0268  0.9005  -2.5962   0.0000   0.2450
   5.350   0.5971   0.00613   0.00189   0.0001  0.0266  0.9047  -2.6343   0.0000   0.2449
   5.400   0.6025   0.00614   0.00191   0.0001  0.0264  0.9093  -2.6738   0.0000   0.2448
   5.450   0.6079   0.00615   0.00193   0.0002  0.0261  0.9134  -2.7137   0.0000   0.2447
   5.500   0.6134   0.00617   0.00196   0.0002  0.0257  0.9169  -2.7540   0.0000   0.2446
   5.550   0.6188   0.00619   0.00198   0.0002  0.0252  0.9197  -2.7947   0.0000   0.2445
   5.600   0.6244   0.00622   0.00201   0.0002  0.0247  0.9218  -2.8357   0.0000   0.2444
   5.650   0.6299   0.00625   0.00203   0.0002  0.0241  0.9234  -2.8769   0.0000   0.2444
   5.700   0.6352   0.00628   0.00206   0.0003  0.0234  0.9271  -2.9176   0.0000   0.2443
   5.750   0.6405   0.00630   0.00209   0.0004  0.0227  0.9309  -2.9582   0.0000   0.2441
   5.800   0.6458   0.00633   0.00212   0.0004  0.0220  0.9343  -2.9992   0.0000   0.2440
   5.850   0.6512   0.00635   0.00215   0.0005  0.0213  0.9374  -3.0406   0.0000   0.2439
   5.900   0.6567   0.00638   0.00217   0.0005  0.0205  0.9400  -3.0824   0.0000   0.2438
   5.950   0.6622   0.00640   0.00220   0.0005  0.0197  0.9421  -3.1246   0.0000   0.2437
   6.000   0.6677   0.00643   0.00222   0.0006  0.0191  0.9437  -3.1670   0.0000   0.2436
   6.050   0.6732   0.00645   0.00225   0.0006  0.0188  0.9456  -3.2098   0.0000   0.2436
   6.100   0.6785   0.00647   0.00227   0.0007  0.0188  0.9488  -3.2522   0.0000   0.2434
   6.150   0.6837   0.00648   0.00230   0.0007  0.0188  0.9517  -3.2947   0.0000   0.2433
   6.200   0.6890   0.00650   0.00232   0.0008  0.0187  0.9544  -3.3376   0.0000   0.2431
   6.250   0.6944   0.00652   0.00234   0.0009  0.0187  0.9569  -3.3810   0.0000   0.2430
   6.300   0.6998   0.00654   0.00237   0.0009  0.0186  0.9590  -3.4247   0.0000   0.2429
   6.350   0.7053   0.00657   0.00239   0.0009  0.0185  0.9608  -3.4688   0.0000   0.2428
   6.400   0.7108   0.00659   0.00241   0.0010  0.0184  0.9622  -3.5133   0.0000   0.2428
   6.450   0.7163   0.00662   0.00244   0.0010  0.0182  0.9634  -3.5580   0.0000   0.2427
   6.500   0.7216   0.00664   0.00247   0.0011  0.0180  0.9655  -3.6020   0.0000   0.2426
   6.550   0.7267   0.00667   0.00249   0.0012  0.0178  0.9679  -3.6457   0.0000   0.2424
   6.600   0.7319   0.00670   0.00252   0.0013  0.0174  0.9701  -3.6896   0.0000   0.2422
   6.650   0.7371   0.00673   0.00256   0.0013  0.0170  0.9722  -3.7339   0.0000   0.2421
   6.700   0.7423   0.00677   0.00259   0.0014  0.0165  0.9741  -3.7783   0.0000   0.2420
   6.750   0.7476   0.00681   0.00262   0.0015  0.0159  0.9758  -3.8229   0.0000   0.2418
   6.800   0.7529   0.00686   0.00266   0.0015  0.0153  0.9772  -3.8678   0.0000   0.2417
   6.850   0.7582   0.00690   0.00269   0.0016  0.0147  0.9785  -3.9128   0.0000   0.2416
   6.900   0.7636   0.00693   0.00273   0.0016  0.0139  0.9795  -3.9579   0.0000   0.2415
   6.950   0.7691   0.00697   0.00276   0.0017  0.0131  0.9807  -4.0032   0.0000   0.2415
   7.100   0.7859   0.00707   0.00287   0.0017  0.0121  0.9847  -4.1441   0.0000   0.2414
   7.150   0.7916   0.00710   0.00289   0.0016  0.0121  0.9858  -4.1929   0.0000   0.2414
   7.200   0.7972   0.00712   0.00292   0.0016  0.0121  0.9870  -4.2419   0.0000   0.2414
   7.250   0.8029   0.00715   0.00295   0.0016  0.0121  0.9881  -4.2909   0.0000   0.2414
   7.300   0.8085   0.00718   0.00298   0.0016  0.0121  0.9891  -4.3400   0.0000   0.2414
   7.350   0.8141   0.00721   0.00300   0.0016  0.0121  0.9900  -4.3891   0.0000   0.2413
   7.400   0.8197   0.00724   0.00303   0.0016  0.0121  0.9909  -4.4382   0.0000   0.2413
   7.450   0.8251   0.00727   0.00306   0.0016  0.0121  0.9918  -4.4870   0.0000   0.2412
   7.500   0.8305   0.00730   0.00309   0.0016  0.0121  0.9925  -4.5356   0.0000   0.2411
   7.550   0.8364   0.00733   0.00312   0.0016  0.0120  0.9930  -4.5870   0.0000   0.2412
   7.600   0.8427   0.00736   0.00315   0.0014  0.0120  0.9934  -4.6403   0.0000   0.2414
   7.650   0.8490   0.00739   0.00318   0.0012  0.0120  0.9938  -4.6937   0.0000   0.2415
   7.700   0.8552   0.00742   0.00321   0.0010  0.0120  0.9941  -4.7473   0.0000   0.2417
   7.750   0.8615   0.00745   0.00324   0.0009  0.0119  0.9944  -4.8010   0.0000   0.2418
   7.800   0.8677   0.00749   0.00327   0.0007  0.0119  0.9948  -4.8549   0.0000   0.2420
   7.850   0.8739   0.00752   0.00330   0.0006  0.0119  0.9951  -4.9090   0.0000   0.2421
   7.900   0.8801   0.00755   0.00333   0.0004  0.0118  0.9954  -4.9632   0.0000   0.2422
   7.950   0.8863   0.00759   0.00337   0.0003  0.0118  0.9957  -5.0177   0.0000   0.2423
   8.000   0.8925   0.00762   0.00340   0.0001  0.0117  0.9960  -5.0723   0.0000   0.2425
   8.050   0.8986   0.00766   0.00343  -0.0000  0.0117  0.9963  -5.1296   0.0000   0.2426
   8.100   0.9048   0.00770   0.00347  -0.0002  0.0116  0.9966  -5.1945   0.0000   0.2427
   8.150   0.9109   0.00773   0.00350  -0.0003  0.0115  0.9968  -5.2597   0.0000   0.2428
   8.200   0.9170   0.00777   0.00354  -0.0005  0.0113  0.9970  -5.3250   0.0000   0.2429
   8.250   0.9231   0.00781   0.00358  -0.0006  0.0112  0.9973  -5.3905   0.0000   0.2429
   8.300   0.9292   0.00786   0.00362  -0.0007  0.0110  0.9975  -5.4563   0.0000   0.2430
   8.350   0.9352   0.00790   0.00366  -0.0008  0.0107  0.9977  -5.5222   0.0000   0.2431
   8.400   0.9413   0.00795   0.00370  -0.0010  0.0105  0.9979  -5.5882   0.0000   0.2432
   8.450   0.9473   0.00801   0.00375  -0.0011  0.0102  0.9981  -5.6543   0.0000   0.2432
   8.500   0.9532   0.00806   0.00379  -0.0012  0.0099  0.9983  -5.7204   0.0000   0.2433
   8.550   0.9592   0.00812   0.00384  -0.0013  0.0096  0.9985  -5.7866   0.0000   0.2434
   8.600   0.9652   0.00817   0.00389  -0.0014  0.0092  0.9987  -5.8527   0.0000   0.2434
   8.650   0.9711   0.00823   0.00394  -0.0016  0.0087  0.9989  -5.9187   0.0000   0.2434
   8.700   0.9768   0.00836   0.00408  -0.0016  0.0069  0.9991  -5.9711   0.0000   0.2434
   8.750   0.9829   0.00840   0.00412  -0.0017  0.0069  0.9992  -6.0394   0.0000   0.2435
   8.800   0.9889   0.00844   0.00417  -0.0018  0.0069  0.9994  -6.1079   0.0000   0.2435
   8.850   0.9949   0.00848   0.00421  -0.0020  0.0069  0.9995  -6.1767   0.0000   0.2436
   8.900   1.0009   0.00852   0.00425  -0.0021  0.0069  0.9996  -6.2458   0.0000   0.2436
   8.950   1.0069   0.00857   0.00429  -0.0022  0.0069  0.9997  -6.3151   0.0000   0.2437
   9.000   1.0130   0.00861   0.00434  -0.0023  0.0069  0.9998  -6.3848   0.0000   0.2437
   9.050   1.0190   0.00865   0.00438  -0.0024  0.0069  0.9999  -6.4548   0.0000   0.2438
   9.100   1.0250   0.00870   0.00442  -0.0026  0.0069  1.0000  -6.5251   0.0000   0.2438
   9.150   1.0299   0.00874   0.00446  -0.0024  0.0068  1.0000  -6.5891   0.0000   0.2436
   9.200   1.0347   0.00878   0.00450  -0.0023  0.0068  1.0000  -6.6529   0.0000   0.2434
   9.250   1.0396   0.00882   0.00454  -0.0021  0.0068  1.0000  -6.7171   0.0000   0.2432
   9.300   1.0445   0.00886   0.00459  -0.0020  0.0068  1.0000  -6.7817   0.0000   0.2430
   9.350   1.0494   0.00890   0.00463  -0.0019  0.0068  1.0000  -6.8467   0.0000   0.2428
   9.400   1.0543   0.00894   0.00467  -0.0017  0.0068  1.0000  -6.9120   0.0000   0.2426
   9.450   1.0592   0.00898   0.00471  -0.0016  0.0068  1.0000  -6.9777   0.0000   0.2424
   9.500   1.0641   0.00902   0.00475  -0.0015  0.0068  1.0000  -7.0436   0.0000   0.2422
   9.550   1.0691   0.00906   0.00479  -0.0014  0.0068  1.0000  -7.1099   0.0000   0.2420
   9.600   1.0740   0.00910   0.00484  -0.0013  0.0068  1.0000  -7.1765   0.0000   0.2419
   9.650   1.0790   0.00915   0.00488  -0.0011  0.0068  1.0000  -7.2435   0.0000   0.2417
   9.700   1.0839   0.00919   0.00492  -0.0010  0.0068  1.0000  -7.3109   0.0000   0.2415
   9.750   1.0890   0.00923   0.00497  -0.0009  0.0068  1.0000  -7.3788   0.0000   0.2414
   9.800   1.0940   0.00927   0.00501  -0.0008  0.0068  1.0000  -7.4470   0.0000   0.2412
   9.850   1.0990   0.00932   0.00505  -0.0007  0.0068  1.0000  -7.5156   0.0000   0.2410
   9.900   1.1041   0.00936   0.00510  -0.0007  0.0068  1.0000  -7.5846   0.0000   0.2409
   9.950   1.1092   0.00940   0.00514  -0.0006  0.0068  1.0000  -7.6540   0.0000   0.2407
  10.000   1.1142   0.00945   0.00519  -0.0005  0.0068  1.0000  -7.7237   0.0000   0.2406
  10.050   1.1193   0.00949   0.00523  -0.0004  0.0068  1.0000  -7.7938   0.0000   0.2405
  10.100   1.1245   0.00954   0.00528  -0.0003  0.0068  1.0000  -7.8643   0.0000   0.2403
  10.150   1.1296   0.00958   0.00533  -0.0003  0.0068  1.0000  -7.9351   0.0000   0.2402
  10.200   1.1347   0.00963   0.00537  -0.0002  0.0068  1.0000  -8.0062   0.0000   0.2401
  10.250   1.1398   0.00967   0.00542  -0.0001  0.0068  1.0000  -8.0777   0.0000   0.2399
  10.300   1.1450   0.00972   0.00546  -0.0001  0.0068  1.0000  -8.1495   0.0000   0.2398
  10.350   1.1501   0.00976   0.00551  -0.0000  0.0068  1.0000  -8.2216   0.0000   0.2397
  10.400   1.1553   0.00981   0.00556   0.0001  0.0068  1.0000  -8.2938   0.0000   0.2396
  10.450   1.1604   0.00985   0.00561   0.0001  0.0068  1.0000  -8.3665   0.0000   0.2395
  10.500   1.1656   0.00990   0.00565   0.0002  0.0068  1.0000  -8.4395   0.0000   0.2393
  10.550   1.1708   0.00995   0.00570   0.0002  0.0068  1.0000  -8.5127   0.0000   0.2392
  10.600   1.1759   0.00999   0.00575   0.0003  0.0068  1.0000  -8.5863   0.0000   0.2391
  10.650   1.1811   0.01004   0.00580   0.0003  0.0068  1.0000  -8.6602   0.0000   0.2390
  10.700   1.1862   0.01009   0.00584   0.0004  0.0068  1.0000  -8.7344   0.0000   0.2389
  10.750   1.1914   0.01013   0.00589   0.0005  0.0067  1.0000  -8.8088   0.0000   0.2387
  10.800   1.1966   0.01018   0.00594   0.0005  0.0067  1.0000  -8.8835   0.0000   0.2386
  10.850   1.2017   0.01023   0.00599   0.0006  0.0067  1.0000  -8.9585   0.0000   0.2385
  10.900   1.2069   0.01028   0.00604   0.0006  0.0067  1.0000  -9.0338   0.0000   0.2384
  10.950   1.2120   0.01033   0.00609   0.0007  0.0067  1.0000  -9.1093   0.0000   0.2383
  11.000   1.2172   0.01038   0.00614   0.0007  0.0067  1.0000  -9.1851   0.0000   0.2382
  11.050   1.2223   0.01042   0.00619   0.0008  0.0067  1.0000  -9.2612   0.0000   0.2380
  11.100   1.2275   0.01047   0.00624   0.0008  0.0067  1.0000  -9.3375   0.0000   0.2379
  11.150   1.2326   0.01052   0.00629   0.0009  0.0067  1.0000  -9.4141   0.0000   0.2378
  11.200   1.2378   0.01057   0.00634   0.0009  0.0067  1.0000  -9.4910   0.0000   0.2377
  11.250   1.2429   0.01062   0.00639   0.0010  0.0067  1.0000  -9.5681   0.0000   0.2376
  11.300   1.2480   0.01067   0.00644   0.0011  0.0067  1.0000  -9.6455   0.0000   0.2375
  11.350   1.2532   0.01072   0.00650   0.0011  0.0067  1.0000  -9.7231   0.0000   0.2374
  11.400   1.2583   0.01078   0.00655   0.0012  0.0067  1.0000  -9.8010   0.0000   0.2372
  11.450   1.2634   0.01083   0.00660   0.0012  0.0067  1.0000  -9.8791   0.0000   0.2371
  11.500   1.2686   0.01088   0.00665   0.0013  0.0067  1.0000  -9.9575   0.0000   0.2370
  11.550   1.2737   0.01093   0.00671   0.0013  0.0067  1.0000  -10.0361   0.0000   0.2369
  11.600   1.2788   0.01098   0.00676   0.0014  0.0066  1.0000  -10.1150   0.0000   0.2368
  11.650   1.2839   0.01103   0.00681   0.0014  0.0066  1.0000  -10.1941   0.0000   0.2367
  11.700   1.2890   0.01109   0.00687   0.0015  0.0066  1.0000  -10.2734   0.0000   0.2366
  11.750   1.2941   0.01114   0.00692   0.0015  0.0066  1.0000  -10.3530   0.0000   0.2364
  11.800   1.2992   0.01119   0.00697   0.0016  0.0066  1.0000  -10.4328   0.0000   0.2363
  11.850   1.3043   0.01125   0.00703   0.0017  0.0066  1.0000  -10.5129   0.0000   0.2362
  11.900   1.3094   0.01130   0.00708   0.0017  0.0066  1.0000  -10.5932   0.0000   0.2361
  11.950   1.3145   0.01135   0.00714   0.0018  0.0066  1.0000  -10.6737   0.0000   0.2360
  12.000   1.3195   0.01141   0.00719   0.0018  0.0066  1.0000  -10.7544   0.0000   0.2359
  12.050   1.3246   0.01146   0.00725   0.0019  0.0066  1.0000  -10.8354   0.0000   0.2357
  12.100   1.3297   0.01152   0.00731   0.0020  0.0065  1.0000  -10.9168   0.0000   0.2356
  12.150   1.3347   0.01157   0.00737   0.0020  0.0065  1.0000  -10.9983   0.0000   0.2355
  12.200   1.3398   0.01163   0.00743   0.0021  0.0065  1.0000  -11.0800   0.0000   0.2354
  12.250   1.3448   0.01169   0.00749   0.0021  0.0065  1.0000  -11.1619   0.0000   0.2353
  12.300   1.3498   0.01174   0.00754   0.0022  0.0065  1.0000  -11.2439   0.0000   0.2351
  12.350   1.3549   0.01180   0.00760   0.0023  0.0065  1.0000  -11.3262   0.0000   0.2350
  12.400   1.3599   0.01186   0.00766   0.0023  0.0065  1.0000  -11.4087   0.0000   0.2349
  12.450   1.3649   0.01192   0.00772   0.0024  0.0064  1.0000  -11.4914   0.0000   0.2348
  12.500   1.3699   0.01198   0.00778   0.0024  0.0064  1.0000  -11.5742   0.0000   0.2347
  12.550   1.3749   0.01203   0.00784   0.0025  0.0064  1.0000  -11.6573   0.0000   0.2345
  12.600   1.3799   0.01209   0.00790   0.0026  0.0064  1.0000  -11.7406   0.0000   0.2344
  12.650   1.3849   0.01215   0.00796   0.0026  0.0064  1.0000  -11.8240   0.0000   0.2343
  12.700   1.3898   0.01221   0.00803   0.0027  0.0063  1.0000  -11.9076   0.0000   0.2342
  12.750   1.3948   0.01228   0.00809   0.0028  0.0063  1.0000  -11.9914   0.0000   0.2340
  12.800   1.3998   0.01234   0.00815   0.0028  0.0063  1.0000  -12.0754   0.0000   0.2339
  12.850   1.4047   0.01240   0.00821   0.0029  0.0062  1.0000  -12.1595   0.0000   0.2338
  12.900   1.4096   0.01246   0.00828   0.0030  0.0062  1.0000  -12.2438   0.0000   0.2337
  12.950   1.4145   0.01253   0.00834   0.0031  0.0062  1.0000  -12.3282   0.0000   0.2335
  13.000   1.4194   0.01260   0.00841   0.0031  0.0061  1.0000  -12.4128   0.0000   0.2334
  13.050   1.4243   0.01266   0.00848   0.0032  0.0061  1.0000  -12.4975   0.0000   0.2333
  13.100   1.4292   0.01273   0.00855   0.0033  0.0061  1.0000  -12.5823   0.0000   0.2331
  13.150   1.4341   0.01280   0.00861   0.0034  0.0060  1.0000  -12.6672   0.0000   0.2330
  13.200   1.4389   0.01287   0.00869   0.0034  0.0059  1.0000  -12.7522   0.0000   0.2329
  13.250   1.4437   0.01294   0.00876   0.0035  0.0059  1.0000  -12.8373   0.0000   0.2327
  13.300   1.4485   0.01301   0.00883   0.0036  0.0058  1.0000  -12.9224   0.0000   0.2326
  13.350   1.4533   0.01309   0.00891   0.0037  0.0058  1.0000  -13.0076   0.0000   0.2325
  13.400   1.4581   0.01317   0.00898   0.0038  0.0057  1.0000  -13.0927   0.0000   0.2323
  13.450   1.4628   0.01325   0.00906   0.0039  0.0056  1.0000  -13.1778   0.0000   0.2322
  13.500   1.4675   0.01333   0.00914   0.0040  0.0055  1.0000  -13.2627   0.0000   0.2320
  13.550   1.4722   0.01341   0.00923   0.0041  0.0055  1.0000  -13.3476   0.0000   0.2319
  13.600   1.4768   0.01350   0.00931   0.0042  0.0054  1.0000  -13.4324   0.0000   0.2317
  13.650   1.4814   0.01359   0.00940   0.0043  0.0053  1.0000  -13.5170   0.0000   0.2316
  13.700   1.4860   0.01368   0.00949   0.0044  0.0052  1.0000  -13.6014   0.0000   0.2314
  13.750   1.4906   0.01377   0.00958   0.0045  0.0051  1.0000  -13.6857   0.0000   0.2313
  13.800   1.4952   0.01387   0.00967   0.0046  0.0050  1.0000  -13.7699   0.0000   0.2311
  13.850   1.4997   0.01396   0.00977   0.0048  0.0049  1.0000  -13.8538   0.0000   0.2310
  13.900   1.5042   0.01406   0.00987   0.0049  0.0048  1.0000  -13.9367   0.0000   0.2308
  13.950   1.5087   0.01416   0.00997   0.0050  0.0047  1.0000  -14.0201   0.0000   0.2306
  14.000   1.5131   0.01426   0.01007   0.0051  0.0045  1.0000  -14.1032   0.0000   0.2305
  14.050   1.5176   0.01436   0.01017   0.0053  0.0044  1.0000  -14.1857   0.0000   0.2303
  14.100   1.5220   0.01446   0.01028   0.0054  0.0042  1.0000  -14.2670   0.0000   0.2302
  14.150   1.5263   0.01458   0.01040   0.0056  0.0039  1.0000  -14.3435   0.0000   0.2300
  14.200   1.5286   0.01494   0.01080   0.0060  0.0031  1.0000  -14.3393   0.0000   0.2296
  14.250   1.5331   0.01503   0.01090   0.0061  0.0031  1.0000  -14.4244   0.0000   0.2294
  14.300   1.5376   0.01512   0.01099   0.0063  0.0031  1.0000  -14.5095   0.0000   0.2293
  14.350   1.5421   0.01521   0.01109   0.0064  0.0031  1.0000  -14.5947   0.0000   0.2291
  14.400   1.5466   0.01530   0.01118   0.0065  0.0031  1.0000  -14.6799   0.0000   0.2290
  14.450   1.5510   0.01539   0.01128   0.0066  0.0031  1.0000  -14.7652   0.0000   0.2288
  14.500   1.5554   0.01548   0.01138   0.0068  0.0031  1.0000  -14.8505   0.0000   0.2286
  14.550   1.5599   0.01557   0.01148   0.0069  0.0031  1.0000  -14.9358   0.0000   0.2285
  14.600   1.5643   0.01567   0.01158   0.0070  0.0031  1.0000  -15.0212   0.0000   0.2283
  14.650   1.5686   0.01576   0.01168   0.0072  0.0031  1.0000  -15.1066   0.0000   0.2281
  14.700   1.5730   0.01586   0.01179   0.0073  0.0031  1.0000  -15.1920   0.0000   0.2280
  14.750   1.5774   0.01596   0.01189   0.0074  0.0031  1.0000  -15.2774   0.0000   0.2278
  14.800   1.5817   0.01606   0.01199   0.0076  0.0031  1.0000  -15.3628   0.0000   0.2276
  14.850   1.5860   0.01615   0.01210   0.0077  0.0031  1.0000  -15.4482   0.0000   0.2275
  14.900   1.5903   0.01625   0.01221   0.0079  0.0031  1.0000  -15.5336   0.0000   0.2273
  14.950   1.5945   0.01635   0.01231   0.0080  0.0031  1.0000  -15.6190   0.0000   0.2271
  15.000   1.5987   0.01646   0.01242   0.0082  0.0031  1.0000  -15.7044   0.0000   0.2269


