  -5.000  -0.3282   0.00768   0.00244  -0.0457  0.8730  0.0455  -2.4465   0.0000   0.1026
  -4.750  -0.3004   0.00759   0.00231  -0.0456  0.8601  0.0474  -2.2903   0.0000   0.0901
  -4.500  -0.2732   0.00743   0.00215  -0.0454  0.8463  0.0546  -2.1412   0.0000   0.0757
  -4.250  -0.2457   0.00734   0.00203  -0.0452  0.8304  0.0588  -1.9926   0.0000   0.0576
  -4.000  -0.2181   0.00721   0.00190  -0.0451  0.8169  0.0674  -1.8479   0.0000   0.0346
  -3.750  -0.1905   0.00714   0.00179  -0.0449  0.8006  0.0734  -1.7061   0.0000   0.0052
  -3.500  -0.1627   0.00701   0.00168  -0.0448  0.7868  0.0840  -1.5690   0.0000  -0.0352
  -3.250  -0.1352   0.00695   0.00157  -0.0447  0.7693  0.0937  -1.4544   0.0000  -0.0909
  -2.750  -0.0796   0.00678   0.00140  -0.0445  0.7353  0.1186  -1.2340   0.0000  -0.3226
  -2.250  -0.0244   0.00663   0.00126  -0.0443  0.6971  0.1535  -1.0240   0.0000  -1.6023
  -2.000   0.0033   0.00657   0.00121  -0.0442  0.6790  0.1730  -0.9259   0.0000  13.8251
  -1.500   0.0585   0.00641   0.00111  -0.0440  0.6406  0.2277  -0.7595   0.0000   1.0098
  -1.250   0.0859   0.00634   0.00107  -0.0439  0.6196  0.2603  -0.6797   0.0000   0.7649
  -1.000   0.1126   0.00616   0.00102  -0.0438  0.5989  0.3237  -0.6067   0.0000   0.6402
  -0.750   0.1392   0.00588   0.00098  -0.0436  0.5827  0.4180  -0.5466   0.0000   0.5637
  -0.500   0.1660   0.00573   0.00097  -0.0434  0.5622  0.4869  -0.5688   0.0000   0.5113
  -0.250   0.1929   0.00565   0.00097  -0.0433  0.5411  0.5427  -0.5913   0.0000   0.4732
   0.000   0.2204   0.00557   0.00098  -0.0432  0.5248  0.5912  -0.6158   0.0000   0.4443
   0.250   0.2475   0.00553   0.00101  -0.0430  0.5056  0.6374  -0.6402   0.0000   0.4217
   0.500   0.2748   0.00550   0.00103  -0.0428  0.4882  0.6802  -0.6650   0.0000   0.4035
   0.750   0.3020   0.00546   0.00107  -0.0426  0.4721  0.7228  -0.6909   0.0000   0.3886
   1.000   0.3289   0.00545   0.00111  -0.0424  0.4551  0.7664  -0.7175   0.0000   0.3759
   1.250   0.3559   0.00542   0.00116  -0.0421  0.4420  0.8061  -0.7444   0.0000   0.3651
   1.500   0.3823   0.00544   0.00122  -0.0417  0.4262  0.8459  -0.7727   0.0000   0.3556
   1.750   0.4091   0.00543   0.00128  -0.0413  0.4160  0.8785  -0.8019   0.0000   0.3473
   2.000   0.4352   0.00548   0.00135  -0.0407  0.4037  0.9073  -0.8319   0.0000   0.3397
   2.250   0.4610   0.00553   0.00144  -0.0401  0.3927  0.9345  -0.8632   0.0000   0.3329
   2.500   0.4877   0.00560   0.00151  -0.0396  0.3845  0.9553  -0.8970   0.0000   0.3269
   2.750   0.5161   0.00572   0.00158  -0.0396  0.3729  0.9696  -0.9338   0.0000   0.3223
   3.000   0.5468   0.00582   0.00166  -0.0401  0.3649  0.9816  -0.9757   0.0000   0.3187
   3.250   0.5823   0.00593   0.00173  -0.0417  0.3568  0.9876  -1.0266   0.0000   0.3168
   3.500   0.6154   0.00608   0.00182  -0.0429  0.3448  0.9913  -1.0825   0.0000   0.3146
   3.750   0.6491   0.00617   0.00189  -0.0441  0.3380  0.9933  -1.1502   0.0000   0.3128
   4.000   0.6842   0.00629   0.00198  -0.0457  0.3291  0.9947  -1.2302   0.0000   0.3114
   4.250   0.7185   0.00646   0.00208  -0.0472  0.3155  0.9963  -1.3176   0.0000   0.3101
   4.500   0.7530   0.00654   0.00216  -0.0487  0.3091  0.9979  -1.4177   0.0000   0.3088
   4.750   0.7867   0.00672   0.00226  -0.0501  0.2947  0.9994  -1.5221   0.0000   0.3076
   5.000   0.8160   0.00686   0.00235  -0.0504  0.2826  1.0000  -1.6322   0.0000   0.3055
   5.250   0.8391   0.00705   0.00246  -0.0495  0.2666  1.0000  -1.7324   0.0000   0.3025
   5.500   0.8626   0.00724   0.00259  -0.0486  0.2514  1.0000  -1.8351   0.0000   0.2996
   5.750   0.8857   0.00746   0.00275  -0.0477  0.2334  1.0000  -1.9458   0.0000   0.2968
   6.000   0.9088   0.00772   0.00291  -0.0468  0.2154  1.0000  -2.0693   0.0000   0.2942
   6.250   0.9316   0.00802   0.00311  -0.0459  0.1954  1.0000  -2.1943   0.0000   0.2917
   6.500   0.9540   0.00836   0.00333  -0.0449  0.1724  1.0000  -2.3204   0.0000   0.2892
   6.750   0.9765   0.00873   0.00358  -0.0439  0.1500  1.0000  -2.4489   0.0000   0.2869
   7.000   0.9995   0.00909   0.00383  -0.0431  0.1311  1.0000  -2.5810   0.0000   0.2847
   7.250   1.0228   0.00946   0.00410  -0.0424  0.1137  1.0000  -2.7162   0.0000   0.2827
   7.750   1.0700   0.01020   0.00469  -0.0410  0.0847  1.0000  -3.0303   0.0000   0.2790
   8.000   1.0935   0.01060   0.00501  -0.0403  0.0720  1.0000  -3.1988   0.0000   0.2773
   8.250   1.1171   0.01098   0.00532  -0.0397  0.0618  1.0000  -3.3708   0.0000   0.2756
   8.500   1.1414   0.01130   0.00561  -0.0392  0.0550  1.0000  -3.5488   0.0000   0.2741
   8.750   1.1649   0.01169   0.00595  -0.0386  0.0471  1.0000  -3.7265   0.0000   0.2725
   9.000   1.1893   0.01199   0.00623  -0.0381  0.0439  1.0000  -3.9117   0.0000   0.2711
   9.250   1.2125   0.01239   0.00659  -0.0374  0.0384  1.0000  -4.0947   0.0000   0.2696
   9.500   1.2366   0.01270   0.00692  -0.0369  0.0355  1.0000  -4.2827   0.0000   0.2682
   9.750   1.2602   0.01304   0.00725  -0.0363  0.0330  1.0000  -4.4740   0.0000   0.2669
  10.000   1.2826   0.01348   0.00765  -0.0355  0.0293  1.0000  -4.6625   0.0000   0.2654
  10.250   1.3054   0.01386   0.00805  -0.0348  0.0267  1.0000  -4.8542   0.0000   0.2640
  10.500   1.3289   0.01417   0.00838  -0.0343  0.0260  1.0000  -5.0555   0.0000   0.2627
  10.750   1.3515   0.01454   0.00876  -0.0336  0.0246  1.0000  -5.2551   0.0000   0.2614
  11.000   1.3727   0.01499   0.00919  -0.0327  0.0226  1.0000  -5.4519   0.0000   0.2600
  11.250   1.3923   0.01556   0.00977  -0.0315  0.0196  1.0000  -5.6530   0.0000   0.2584
  11.500   1.4131   0.01600   0.01024  -0.0306  0.0187  1.0000  -5.8842   0.0000   0.2570
  11.750   1.4345   0.01636   0.01063  -0.0297  0.0184  1.0000  -6.1256   0.0000   0.2557
  12.000   1.4550   0.01677   0.01107  -0.0288  0.0180  1.0000  -6.3660   0.0000   0.2543
  12.250   1.4743   0.01721   0.01154  -0.0276  0.0174  1.0000  -6.6033   0.0000   0.2529
  12.500   1.4914   0.01769   0.01204  -0.0261  0.0167  1.0000  -6.8322   0.0000   0.2512
  12.750   1.5064   0.01823   0.01260  -0.0243  0.0161  1.0000  -7.0527   0.0000   0.2494
  13.000   1.5204   0.01883   0.01321  -0.0224  0.0153  1.0000  -7.2704   0.0000   0.2476
  13.250   1.5332   0.01952   0.01394  -0.0204  0.0144  1.0000  -7.4820   0.0000   0.2457
  13.500   1.5436   0.02038   0.01486  -0.0182  0.0133  1.0000  -7.6757   0.0000   0.2438
  13.750   1.5481   0.02164   0.01624  -0.0155  0.0121  1.0000  -7.8258   0.0000   0.2415
  14.000   1.5622   0.02234   0.01698  -0.0141  0.0121  1.0000  -8.0551   0.0000   0.2401
  14.250   1.5753   0.02312   0.01779  -0.0128  0.0120  1.0000  -8.2803   0.0000   0.2387
  14.500   1.5877   0.02398   0.01870  -0.0114  0.0119  1.0000  -8.5030   0.0000   0.2373
  14.750   1.5990   0.02497   0.01974  -0.0101  0.0117  1.0000  -8.7192   0.0000   0.2359
  15.000   1.6091   0.02610   0.02092  -0.0089  0.0115  1.0000  -8.9291   0.0000   0.2346


