  -5.000  -0.5567   0.00608   0.00178  -0.0003  0.9016  0.0338  -2.3545   0.0000   0.2447
  -4.950  -0.5512   0.00605   0.00175  -0.0003  0.8993  0.0346  -2.3159   0.0000   0.2448
  -4.900  -0.5456   0.00603   0.00173  -0.0003  0.8969  0.0352  -2.2775   0.0000   0.2448
  -4.850  -0.5401   0.00601   0.00171  -0.0002  0.8937  0.0357  -2.2394   0.0000   0.2449
  -4.800  -0.5346   0.00600   0.00169  -0.0002  0.8897  0.0360  -2.2015   0.0000   0.2449
  -4.750  -0.5291   0.00599   0.00167  -0.0002  0.8851  0.0363  -2.1641   0.0000   0.2450
  -4.700  -0.5237   0.00598   0.00165  -0.0001  0.8797  0.0374  -2.1270   0.0000   0.2452
  -4.650  -0.5182   0.00596   0.00162  -0.0001  0.8758  0.0395  -2.0900   0.0000   0.2452
  -4.600  -0.5126   0.00593   0.00160  -0.0001  0.8734  0.0416  -2.0532   0.0000   0.2453
  -4.550  -0.5071   0.00589   0.00157  -0.0001  0.8702  0.0434  -2.0168   0.0000   0.2453
  -4.500  -0.5017   0.00586   0.00155  -0.0001  0.8663  0.0450  -1.9842   0.0000   0.2454
  -4.450  -0.4962   0.00585   0.00153  -0.0000  0.8616  0.0460  -1.9544   0.0000   0.2455
  -4.400  -0.4907   0.00584   0.00151  -0.0000  0.8560  0.0466  -1.9247   0.0000   0.2456
  -4.350  -0.4852   0.00584   0.00149   0.0000  0.8509  0.0470  -1.8950   0.0000   0.2457
  -4.300  -0.4795   0.00582   0.00147   0.0000  0.8483  0.0482  -1.8653   0.0000   0.2457
  -4.250  -0.4739   0.00580   0.00145   0.0000  0.8447  0.0504  -1.8359   0.0000   0.2457
  -4.200  -0.4684   0.00578   0.00143   0.0000  0.8401  0.0524  -1.8069   0.0000   0.2458
  -4.150  -0.4630   0.00576   0.00141   0.0001  0.8347  0.0543  -1.7783   0.0000   0.2459
  -4.100  -0.4576   0.00575   0.00139   0.0001  0.8286  0.0560  -1.7497   0.0000   0.2460
  -4.050  -0.4520   0.00573   0.00136   0.0001  0.8241  0.0574  -1.7209   0.0000   0.2461
  -4.000  -0.4464   0.00571   0.00135   0.0001  0.8215  0.0583  -1.6921   0.0000   0.2461
  -3.950  -0.4407   0.00570   0.00133   0.0001  0.8178  0.0590  -1.6634   0.0000   0.2461
  -3.900  -0.4352   0.00569   0.00131   0.0001  0.8129  0.0605  -1.6350   0.0000   0.2462
  -3.850  -0.4297   0.00568   0.00130   0.0001  0.8070  0.0634  -1.6071   0.0000   0.2462
  -3.800  -0.4242   0.00566   0.00128   0.0002  0.8000  0.0660  -1.5795   0.0000   0.2463
  -3.750  -0.4187   0.00564   0.00125   0.0002  0.7961  0.0683  -1.5518   0.0000   0.2464
  -3.700  -0.4131   0.00561   0.00123   0.0002  0.7929  0.0703  -1.5242   0.0000   0.2464
  -3.650  -0.4075   0.00560   0.00122   0.0002  0.7885  0.0716  -1.4967   0.0000   0.2464
  -3.600  -0.4019   0.00560   0.00120   0.0002  0.7831  0.0725  -1.4697   0.0000   0.2465
  -3.550  -0.3964   0.00559   0.00118   0.0002  0.7770  0.0760  -1.4437   0.0000   0.2466
  -3.500  -0.3909   0.00557   0.00116   0.0002  0.7704  0.0793  -1.4168   0.0000   0.2466
  -3.450  -0.3853   0.00554   0.00114   0.0002  0.7675  0.0823  -1.3898   0.0000   0.2467
  -3.400  -0.3797   0.00552   0.00112   0.0002  0.7639  0.0845  -1.3629   0.0000   0.2467
  -3.350  -0.3741   0.00551   0.00110   0.0002  0.7588  0.0861  -1.3361   0.0000   0.2467
  -3.300  -0.3686   0.00551   0.00109   0.0002  0.7526  0.0882  -1.3095   0.0000   0.2468
  -3.250  -0.3631   0.00549   0.00107   0.0002  0.7453  0.0941  -1.2835   0.0000   0.2469
  -3.200  -0.3576   0.00545   0.00104   0.0003  0.7405  0.0989  -1.2575   0.0000   0.2470
  -3.150  -0.3520   0.00542   0.00103   0.0003  0.7375  0.1017  -1.2313   0.0000   0.2470
  -3.100  -0.3464   0.00541   0.00102   0.0002  0.7336  0.1038  -1.2051   0.0000   0.2470
  -3.050  -0.3409   0.00540   0.00100   0.0003  0.7283  0.1089  -1.1821   0.0000   0.2471
  -3.000  -0.3354   0.00538   0.00098   0.0003  0.7219  0.1129  -1.1611   0.0000   0.2471
  -2.950  -0.3299   0.00537   0.00097   0.0003  0.7144  0.1161  -1.1399   0.0000   0.2472
  -2.900  -0.3242   0.00535   0.00095   0.0003  0.7108  0.1182  -1.1186   0.0000   0.2472
  -2.850  -0.3186   0.00534   0.00094   0.0003  0.7073  0.1196  -1.0973   0.0000   0.2472
  -2.800  -0.3130   0.00533   0.00093   0.0003  0.7023  0.1239  -1.0763   0.0000   0.2472
  -2.750  -0.3075   0.00531   0.00091   0.0003  0.6961  0.1288  -1.0556   0.0000   0.2473
  -2.700  -0.3020   0.00530   0.00090   0.0003  0.6891  0.1327  -1.0351   0.0000   0.2474
  -2.650  -0.2964   0.00529   0.00088   0.0003  0.6833  0.1355  -1.0143   0.0000   0.2474
  -2.600  -0.2907   0.00528   0.00087   0.0003  0.6806  0.1371  -0.9935   0.0000   0.2474
  -2.550  -0.2850   0.00527   0.00086   0.0003  0.6768  0.1407  -0.9729   0.0000   0.2474
  -2.500  -0.2795   0.00525   0.00085   0.0003  0.6715  0.1462  -0.9527   0.0000   0.2474
  -2.450  -0.2740   0.00523   0.00083   0.0003  0.6648  0.1507  -0.9327   0.0000   0.2475
  -2.400  -0.2685   0.00523   0.00082   0.0003  0.6570  0.1538  -0.9126   0.0000   0.2476
  -2.350  -0.2628   0.00522   0.00081   0.0003  0.6528  0.1559  -0.8923   0.0000   0.2476
  -2.300  -0.2571   0.00520   0.00080   0.0003  0.6497  0.1609  -0.8724   0.0000   0.2476
  -2.250  -0.2517   0.00516   0.00078   0.0003  0.6453  0.1689  -0.8559   0.0000   0.2476
  -2.200  -0.2462   0.00515   0.00077   0.0003  0.6398  0.1742  -0.8394   0.0000   0.2477
  -2.150  -0.2406   0.00515   0.00076   0.0003  0.6331  0.1773  -0.8227   0.0000   0.2477
  -2.100  -0.2351   0.00513   0.00075   0.0003  0.6257  0.1858  -0.8064   0.0000   0.2478
  -2.050  -0.2295   0.00509   0.00073   0.0003  0.6227  0.1918  -0.7900   0.0000   0.2479
  -2.000  -0.2239   0.00508   0.00072   0.0003  0.6192  0.1952  -0.7735   0.0000   0.2478
  -1.950  -0.2182   0.00508   0.00071   0.0003  0.6139  0.1971  -0.7570   0.0000   0.2478
  -1.900  -0.2126   0.00508   0.00071   0.0002  0.6076  0.2009  -0.7407   0.0000   0.2479
  -1.850  -0.2071   0.00507   0.00070   0.0003  0.6001  0.2079  -0.7246   0.0000   0.2480
  -1.800  -0.2016   0.00505   0.00068   0.0003  0.5949  0.2134  -0.7082   0.0000   0.2480
  -1.750  -0.1959   0.00503   0.00067   0.0002  0.5923  0.2178  -0.6923   0.0000   0.2480
  -1.700  -0.1903   0.00502   0.00066   0.0002  0.5885  0.2223  -0.6785   0.0000   0.2480
  -1.650  -0.1848   0.00499   0.00065   0.0002  0.5830  0.2315  -0.6650   0.0000   0.2481
  -1.600  -0.1793   0.00498   0.00064   0.0002  0.5762  0.2376  -0.6516   0.0000   0.2482
  -1.550  -0.1737   0.00498   0.00063   0.0002  0.5681  0.2409  -0.6380   0.0000   0.2482
  -1.500  -0.1680   0.00498   0.00063   0.0002  0.5645  0.2435  -0.6243   0.0000   0.2481
  -1.450  -0.1624   0.00496   0.00062   0.0002  0.5614  0.2498  -0.6108   0.0000   0.2481
  -1.400  -0.1568   0.00494   0.00061   0.0002  0.5571  0.2557  -0.5975   0.0000   0.2481
  -1.350  -0.1513   0.00493   0.00060   0.0002  0.5516  0.2613  -0.5846   0.0000   0.2482
  -1.300  -0.1457   0.00494   0.00060   0.0002  0.5443  0.2649  -0.5731   0.0000   0.2482
  -1.250  -0.1401   0.00493   0.00059   0.0002  0.5369  0.2710  -0.5615   0.0000   0.2482
  -1.200  -0.1345   0.00490   0.00058   0.0002  0.5344  0.2798  -0.5500   0.0000   0.2483
  -1.150  -0.1289   0.00488   0.00057   0.0002  0.5307  0.2856  -0.5386   0.0000   0.2483
  -1.100  -0.1233   0.00488   0.00057   0.0002  0.5253  0.2888  -0.5271   0.0000   0.2483
  -1.050  -0.1177   0.00489   0.00057   0.0002  0.5191  0.2909  -0.5160   0.0000   0.2483
  -1.000  -0.1121   0.00490   0.00056   0.0002  0.5114  0.2973  -0.5060   0.0000   0.2483
  -0.950  -0.1065   0.00487   0.00055   0.0002  0.5068  0.3047  -0.4961   0.0000   0.2484
  -0.900  -0.1009   0.00485   0.00055   0.0001  0.5041  0.3107  -0.4861   0.0000   0.2484
  -0.850  -0.0952   0.00485   0.00054   0.0001  0.4998  0.3143  -0.4761   0.0000   0.2483
  -0.800  -0.0896   0.00485   0.00054   0.0001  0.4939  0.3194  -0.4664   0.0000   0.2483
  -0.750  -0.0842   0.00485   0.00054   0.0001  0.4862  0.3277  -0.4577   0.0000   0.2485
  -0.700  -0.0786   0.00483   0.00053   0.0001  0.4789  0.3336  -0.4489   0.0000   0.2486
  -0.650  -0.0729   0.00482   0.00053   0.0001  0.4766  0.3378  -0.4401   0.0000   0.2485
  -0.600  -0.0672   0.00482   0.00052   0.0001  0.4732  0.3405  -0.4312   0.0000   0.2483
  -0.550  -0.0616   0.00482   0.00053   0.0001  0.4681  0.3457  -0.4230   0.0000   0.2483
  -0.500  -0.0561   0.00482   0.00052   0.0001  0.4615  0.3544  -0.4153   0.0000   0.2485
  -0.450  -0.0506   0.00481   0.00052   0.0001  0.4531  0.3608  -0.4076   0.0000   0.2487
  -0.400  -0.0449   0.00480   0.00051   0.0001  0.4491  0.3651  -0.3997   0.0000   0.2486
  -0.350  -0.0392   0.00481   0.00051   0.0001  0.4461  0.3675  -0.3920   0.0000   0.2483
  -0.300  -0.0335   0.00481   0.00051   0.0000  0.4415  0.3737  -0.3849   0.0000   0.2482
  -0.250  -0.0280   0.00480   0.00051   0.0000  0.4355  0.3816  -0.3780   0.0000   0.2485
  -0.200  -0.0225   0.00480   0.00051   0.0000  0.4274  0.3875  -0.3711   0.0000   0.2490
  -0.150  -0.0169   0.00480   0.00051   0.0000  0.4218  0.3919  -0.3640   0.0000   0.2488
  -0.100  -0.0112   0.00480   0.00051   0.0000  0.4190  0.3945  -0.3575   0.0000   0.2479
  -0.050  -0.0055   0.00480   0.00051  -0.0000  0.4145  0.4012  -0.3511   0.0000   0.2467
   0.000   0.0000   0.00479   0.00051  -0.0000  0.4087  0.4087  -0.3448   0.0000   0.3841
   0.050   0.0055   0.00480   0.00051   0.0000  0.4012  0.4145  -0.3511   0.0000   0.2467
   0.100   0.0112   0.00480   0.00051  -0.0000  0.3945  0.4190  -0.3575   0.0000   0.2479
   0.150   0.0169   0.00480   0.00051  -0.0000  0.3919  0.4218  -0.3640   0.0000   0.2488
   0.200   0.0225   0.00480   0.00051  -0.0000  0.3875  0.4274  -0.3711   0.0000   0.2490
   0.250   0.0280   0.00480   0.00051  -0.0000  0.3816  0.4355  -0.3780   0.0000   0.2485
   0.300   0.0335   0.00481   0.00051  -0.0000  0.3737  0.4415  -0.3849   0.0000   0.2482
   0.350   0.0392   0.00481   0.00051  -0.0001  0.3675  0.4461  -0.3920   0.0000   0.2483
   0.400   0.0449   0.00480   0.00051  -0.0001  0.3651  0.4491  -0.3997   0.0000   0.2486
   0.450   0.0506   0.00481   0.00052  -0.0001  0.3608  0.4531  -0.4076   0.0000   0.2487
   0.500   0.0561   0.00482   0.00052  -0.0001  0.3543  0.4615  -0.4153   0.0000   0.2485
   0.550   0.0616   0.00482   0.00053  -0.0001  0.3457  0.4681  -0.4230   0.0000   0.2483
   0.600   0.0672   0.00482   0.00052  -0.0001  0.3405  0.4732  -0.4312   0.0000   0.2483
   0.650   0.0729   0.00482   0.00053  -0.0001  0.3378  0.4766  -0.4401   0.0000   0.2485
   0.700   0.0786   0.00483   0.00053  -0.0001  0.3336  0.4789  -0.4489   0.0000   0.2486
   0.750   0.0842   0.00485   0.00054  -0.0001  0.3277  0.4862  -0.4577   0.0000   0.2485
   0.800   0.0896   0.00485   0.00054  -0.0001  0.3193  0.4939  -0.4664   0.0000   0.2483
   0.850   0.0952   0.00485   0.00054  -0.0001  0.3143  0.4998  -0.4761   0.0000   0.2483
   0.900   0.1009   0.00485   0.00055  -0.0001  0.3107  0.5041  -0.4861   0.0000   0.2484
   0.950   0.1065   0.00487   0.00055  -0.0002  0.3047  0.5068  -0.4961   0.0000   0.2484
   1.000   0.1121   0.00490   0.00056  -0.0002  0.2973  0.5114  -0.5060   0.0000   0.2483
   1.050   0.1177   0.00489   0.00057  -0.0002  0.2909  0.5191  -0.5160   0.0000   0.2483
   1.100   0.1233   0.00488   0.00057  -0.0002  0.2888  0.5253  -0.5271   0.0000   0.2483
   1.150   0.1289   0.00488   0.00057  -0.0002  0.2856  0.5307  -0.5386   0.0000   0.2483
   1.200   0.1345   0.00490   0.00058  -0.0002  0.2798  0.5344  -0.5501   0.0000   0.2483
   1.300   0.1457   0.00494   0.00060  -0.0002  0.2649  0.5443  -0.5731   0.0000   0.2482
   1.350   0.1513   0.00493   0.00060  -0.0002  0.2613  0.5516  -0.5846   0.0000   0.2482
   1.400   0.1568   0.00494   0.00061  -0.0002  0.2557  0.5571  -0.5975   0.0000   0.2481
   1.450   0.1624   0.00496   0.00062  -0.0002  0.2498  0.5614  -0.6108   0.0000   0.2481
   1.500   0.1680   0.00498   0.00063  -0.0002  0.2435  0.5645  -0.6243   0.0000   0.2481
   1.550   0.1737   0.00498   0.00063  -0.0002  0.2409  0.5682  -0.6380   0.0000   0.2482
   1.600   0.1793   0.00498   0.00064  -0.0002  0.2376  0.5762  -0.6516   0.0000   0.2482
   1.650   0.1848   0.00499   0.00065  -0.0002  0.2315  0.5830  -0.6650   0.0000   0.2481
   1.700   0.1903   0.00502   0.00066  -0.0002  0.2223  0.5885  -0.6785   0.0000   0.2480
   1.750   0.1959   0.00503   0.00067  -0.0002  0.2178  0.5923  -0.6923   0.0000   0.2480
   1.800   0.2016   0.00505   0.00068  -0.0003  0.2134  0.5949  -0.7082   0.0000   0.2480
   1.850   0.2071   0.00507   0.00070  -0.0003  0.2080  0.6001  -0.7246   0.0000   0.2480
   1.900   0.2126   0.00508   0.00071  -0.0003  0.2009  0.6076  -0.7407   0.0000   0.2479
   1.950   0.2182   0.00508   0.00071  -0.0003  0.1971  0.6139  -0.7570   0.0000   0.2479
   2.000   0.2239   0.00508   0.00072  -0.0003  0.1952  0.6192  -0.7735   0.0000   0.2479
   2.050   0.2295   0.00509   0.00073  -0.0003  0.1918  0.6227  -0.7900   0.0000   0.2479
   2.100   0.2351   0.00513   0.00075  -0.0003  0.1858  0.6257  -0.8064   0.0000   0.2478
   2.150   0.2406   0.00515   0.00076  -0.0003  0.1773  0.6331  -0.8228   0.0000   0.2478
   2.200   0.2462   0.00515   0.00077  -0.0003  0.1742  0.6398  -0.8394   0.0000   0.2477
   2.250   0.2517   0.00516   0.00078  -0.0003  0.1689  0.6453  -0.8559   0.0000   0.2476
   2.300   0.2572   0.00520   0.00080  -0.0003  0.1609  0.6497  -0.8724   0.0000   0.2476
   2.350   0.2628   0.00522   0.00081  -0.0003  0.1559  0.6528  -0.8923   0.0000   0.2476
   2.400   0.2685   0.00523   0.00082  -0.0003  0.1538  0.6570  -0.9126   0.0000   0.2476
   2.450   0.2740   0.00523   0.00083  -0.0003  0.1507  0.6648  -0.9327   0.0000   0.2475
   2.500   0.2795   0.00525   0.00085  -0.0003  0.1462  0.6715  -0.9527   0.0000   0.2475
   2.550   0.2850   0.00527   0.00086  -0.0003  0.1407  0.6769  -0.9729   0.0000   0.2474
   2.600   0.2907   0.00528   0.00087  -0.0003  0.1371  0.6806  -0.9935   0.0000   0.2474
   2.650   0.2964   0.00529   0.00088  -0.0003  0.1355  0.6833  -1.0144   0.0000   0.2474
   2.700   0.3020   0.00530   0.00090  -0.0003  0.1327  0.6891  -1.0351   0.0000   0.2474
   2.750   0.3075   0.00531   0.00091  -0.0003  0.1288  0.6961  -1.0557   0.0000   0.2473
   2.800   0.3130   0.00533   0.00093  -0.0003  0.1239  0.7023  -1.0763   0.0000   0.2472
   2.850   0.3186   0.00534   0.00094  -0.0003  0.1196  0.7073  -1.0973   0.0000   0.2472
   2.900   0.3242   0.00535   0.00095  -0.0003  0.1182  0.7108  -1.1186   0.0000   0.2472
   2.950   0.3299   0.00537   0.00097  -0.0003  0.1161  0.7144  -1.1399   0.0000   0.2472
   3.000   0.3354   0.00538   0.00098  -0.0003  0.1129  0.7219  -1.1611   0.0000   0.2471
   3.050   0.3409   0.00540   0.00100  -0.0003  0.1089  0.7283  -1.1822   0.0000   0.2471
   3.100   0.3464   0.00541   0.00102  -0.0002  0.1038  0.7336  -1.2051   0.0000   0.2470
   3.150   0.3521   0.00542   0.00103  -0.0003  0.1017  0.7375  -1.2313   0.0000   0.2470
   3.200   0.3577   0.00545   0.00104  -0.0003  0.0989  0.7405  -1.2576   0.0000   0.2470
   3.250   0.3631   0.00549   0.00107  -0.0002  0.0941  0.7453  -1.2835   0.0000   0.2469
   3.300   0.3686   0.00551   0.00109  -0.0002  0.0881  0.7526  -1.3095   0.0000   0.2468
   3.350   0.3741   0.00551   0.00110  -0.0002  0.0861  0.7588  -1.3361   0.0000   0.2467
   3.400   0.3797   0.00552   0.00112  -0.0002  0.0845  0.7639  -1.3629   0.0000   0.2467
   3.450   0.3853   0.00554   0.00114  -0.0002  0.0823  0.7675  -1.3899   0.0000   0.2467
   3.500   0.3909   0.00557   0.00116  -0.0002  0.0793  0.7704  -1.4168   0.0000   0.2466
   3.550   0.3964   0.00559   0.00118  -0.0002  0.0760  0.7771  -1.4438   0.0000   0.2466
   3.600   0.4019   0.00560   0.00120  -0.0002  0.0725  0.7831  -1.4698   0.0000   0.2465
   3.650   0.4075   0.00560   0.00122  -0.0002  0.0716  0.7885  -1.4967   0.0000   0.2465
   3.700   0.4131   0.00561   0.00123  -0.0002  0.0703  0.7929  -1.5242   0.0000   0.2464
   3.750   0.4187   0.00564   0.00125  -0.0002  0.0683  0.7961  -1.5519   0.0000   0.2464
   3.800   0.4242   0.00566   0.00128  -0.0002  0.0660  0.8000  -1.5796   0.0000   0.2463
   3.850   0.4297   0.00568   0.00130  -0.0001  0.0634  0.8070  -1.6072   0.0000   0.2462
   3.900   0.4352   0.00569   0.00131  -0.0001  0.0605  0.8129  -1.6351   0.0000   0.2462
   3.950   0.4408   0.00570   0.00133  -0.0001  0.0590  0.8178  -1.6635   0.0000   0.2461
   4.000   0.4464   0.00571   0.00135  -0.0001  0.0583  0.8215  -1.6921   0.0000   0.2461
   4.050   0.4520   0.00573   0.00136  -0.0001  0.0574  0.8241  -1.7210   0.0000   0.2461
   4.100   0.4576   0.00575   0.00139  -0.0001  0.0560  0.8286  -1.7498   0.0000   0.2460
   4.150   0.4630   0.00576   0.00141  -0.0001  0.0543  0.8347  -1.7783   0.0000   0.2459
   4.200   0.4685   0.00578   0.00143  -0.0000  0.0524  0.8401  -1.8070   0.0000   0.2458
   4.250   0.4740   0.00580   0.00145  -0.0000  0.0503  0.8447  -1.8360   0.0000   0.2457
   4.300   0.4795   0.00582   0.00147  -0.0000  0.0482  0.8483  -1.8653   0.0000   0.2457
   4.350   0.4852   0.00584   0.00149  -0.0000  0.0470  0.8509  -1.8951   0.0000   0.2457
   4.400   0.4907   0.00584   0.00151  -0.0000  0.0466  0.8560  -1.9248   0.0000   0.2456
   4.450   0.4962   0.00585   0.00153   0.0000  0.0460  0.8616  -1.9545   0.0000   0.2455
   4.500   0.5017   0.00586   0.00155   0.0001  0.0450  0.8663  -1.9842   0.0000   0.2454
   4.550   0.5072   0.00589   0.00157   0.0001  0.0434  0.8702  -2.0169   0.0000   0.2454
   4.600   0.5126   0.00593   0.00160   0.0001  0.0416  0.8734  -2.0533   0.0000   0.2453
   4.650   0.5182   0.00596   0.00162   0.0001  0.0395  0.8758  -2.0901   0.0000   0.2452
   4.700   0.5237   0.00598   0.00165   0.0001  0.0373  0.8797  -2.1271   0.0000   0.2452
   4.750   0.5291   0.00599   0.00167   0.0002  0.0363  0.8851  -2.1642   0.0000   0.2451
   4.800   0.5346   0.00600   0.00169   0.0002  0.0360  0.8897  -2.2016   0.0000   0.2450
   4.850   0.5401   0.00601   0.00171   0.0002  0.0357  0.8937  -2.2395   0.0000   0.2449
   4.900   0.5457   0.00603   0.00173   0.0003  0.0352  0.8969  -2.2776   0.0000   0.2448
   4.950   0.5512   0.00605   0.00175   0.0003  0.0346  0.8993  -2.3160   0.0000   0.2448
   5.000   0.5568   0.00608   0.00178   0.0003  0.0338  0.9016  -2.3546   0.0000   0.2447
   5.050   0.5621   0.00610   0.00180   0.0003  0.0329  0.9060  -2.3927   0.0000   0.2446
   5.100   0.5675   0.00612   0.00183   0.0004  0.0319  0.9103  -2.4308   0.0000   0.2445
   5.150   0.5728   0.00614   0.00185   0.0004  0.0309  0.9141  -2.4693   0.0000   0.2444
   5.200   0.5783   0.00617   0.00188   0.0005  0.0298  0.9174  -2.5082   0.0000   0.2443
   5.250   0.5838   0.00619   0.00190   0.0005  0.0287  0.9201  -2.5475   0.0000   0.2442
   5.300   0.5894   0.00622   0.00192   0.0005  0.0276  0.9223  -2.5872   0.0000   0.2441
   5.350   0.5949   0.00624   0.00196   0.0005  0.0269  0.9244  -2.6254   0.0000   0.2441
   5.400   0.6003   0.00625   0.00198   0.0006  0.0268  0.9284  -2.6646   0.0000   0.2440
   5.450   0.6056   0.00626   0.00200   0.0007  0.0266  0.9319  -2.7042   0.0000   0.2438
   5.500   0.6110   0.00628   0.00202   0.0007  0.0264  0.9351  -2.7442   0.0000   0.2437
   5.550   0.6164   0.00630   0.00205   0.0008  0.0262  0.9379  -2.7846   0.0000   0.2436
   5.600   0.6219   0.00632   0.00207   0.0008  0.0258  0.9404  -2.8254   0.0000   0.2435
   5.650   0.6274   0.00635   0.00210   0.0008  0.0254  0.9424  -2.8665   0.0000   0.2435
   5.700   0.6329   0.00638   0.00212   0.0008  0.0248  0.9440  -2.9078   0.0000   0.2434
   5.750   0.6383   0.00641   0.00215   0.0009  0.0243  0.9464  -2.9488   0.0000   0.2433
   5.800   0.6434   0.00643   0.00218   0.0010  0.0236  0.9496  -2.9892   0.0000   0.2431
   5.850   0.6486   0.00646   0.00221   0.0011  0.0230  0.9525  -3.0298   0.0000   0.2429
   5.900   0.6539   0.00649   0.00224   0.0012  0.0223  0.9551  -3.0709   0.0000   0.2428
   5.950   0.6592   0.00652   0.00227   0.0012  0.0215  0.9574  -3.1123   0.0000   0.2427
   6.000   0.6646   0.00655   0.00229   0.0013  0.0207  0.9594  -3.1542   0.0000   0.2426
   6.050   0.6700   0.00658   0.00232   0.0013  0.0199  0.9611  -3.1964   0.0000   0.2425
   6.100   0.6755   0.00661   0.00235   0.0013  0.0192  0.9625  -3.2389   0.0000   0.2424
   6.150   0.6810   0.00664   0.00238   0.0014  0.0188  0.9639  -3.2818   0.0000   0.2424
   6.200   0.6862   0.00666   0.00240   0.0014  0.0188  0.9662  -3.3243   0.0000   0.2422
   6.250   0.6914   0.00668   0.00243   0.0015  0.0188  0.9685  -3.3670   0.0000   0.2420
   6.300   0.6967   0.00670   0.00245   0.0016  0.0187  0.9706  -3.4101   0.0000   0.2419
   6.350   0.7020   0.00672   0.00247   0.0017  0.0187  0.9726  -3.4536   0.0000   0.2418
   6.400   0.7074   0.00674   0.00250   0.0018  0.0186  0.9744  -3.4974   0.0000   0.2417
   6.450   0.7127   0.00677   0.00252   0.0018  0.0185  0.9760  -3.5415   0.0000   0.2416
   6.500   0.7181   0.00679   0.00255   0.0018  0.0184  0.9774  -3.5859   0.0000   0.2415
   6.550   0.7235   0.00682   0.00257   0.0019  0.0183  0.9786  -3.6306   0.0000   0.2414
   6.600   0.7290   0.00685   0.00260   0.0019  0.0181  0.9796  -3.6754   0.0000   0.2413
   6.650   0.7345   0.00688   0.00263   0.0019  0.0178  0.9809  -3.7210   0.0000   0.2413
   6.700   0.7401   0.00691   0.00266   0.0019  0.0175  0.9822  -3.7672   0.0000   0.2413
   6.750   0.7458   0.00695   0.00269   0.0019  0.0171  0.9834  -3.8136   0.0000   0.2413
   6.800   0.7515   0.00699   0.00273   0.0019  0.0166  0.9846  -3.8602   0.0000   0.2413
   6.850   0.7571   0.00704   0.00276   0.0018  0.0160  0.9858  -3.9068   0.0000   0.2413
   6.900   0.7628   0.00709   0.00280   0.0018  0.0154  0.9869  -3.9533   0.0000   0.2413
   6.950   0.7684   0.00713   0.00284   0.0018  0.0147  0.9880  -3.9997   0.0000   0.2413
   7.000   0.7740   0.00717   0.00287   0.0018  0.0138  0.9890  -4.0458   0.0000   0.2413
   7.050   0.7796   0.00722   0.00292   0.0018  0.0130  0.9899  -4.0922   0.0000   0.2413
   7.250   0.8018   0.00736   0.00306   0.0018  0.0121  0.9930  -4.2805   0.0000   0.2411
   7.300   0.8081   0.00739   0.00309   0.0016  0.0121  0.9934  -4.3326   0.0000   0.2413
   7.350   0.8144   0.00742   0.00312   0.0014  0.0121  0.9937  -4.3848   0.0000   0.2415
   7.400   0.8207   0.00745   0.00315   0.0013  0.0121  0.9940  -4.4373   0.0000   0.2417
   7.450   0.8270   0.00748   0.00318   0.0011  0.0121  0.9944  -4.4899   0.0000   0.2418
   7.500   0.8333   0.00752   0.00321   0.0009  0.0121  0.9947  -4.5426   0.0000   0.2420
   7.550   0.8396   0.00755   0.00324   0.0008  0.0121  0.9950  -4.5956   0.0000   0.2422
   7.600   0.8458   0.00758   0.00328   0.0006  0.0121  0.9953  -4.6486   0.0000   0.2423
   7.650   0.8520   0.00761   0.00331   0.0004  0.0120  0.9956  -4.7019   0.0000   0.2424
   7.700   0.8583   0.00765   0.00334   0.0003  0.0120  0.9959  -4.7555   0.0000   0.2426
   7.750   0.8645   0.00768   0.00337   0.0001  0.0120  0.9961  -4.8092   0.0000   0.2427
   7.800   0.8707   0.00771   0.00340  -0.0000  0.0120  0.9963  -4.8632   0.0000   0.2428
   7.850   0.8769   0.00775   0.00344  -0.0002  0.0119  0.9966  -4.9174   0.0000   0.2430
   7.900   0.8831   0.00778   0.00347  -0.0004  0.0119  0.9968  -4.9717   0.0000   0.2431
   7.950   0.8893   0.00782   0.00350  -0.0005  0.0119  0.9970  -5.0262   0.0000   0.2432
   8.000   0.8955   0.00785   0.00353  -0.0006  0.0118  0.9972  -5.0808   0.0000   0.2433
   8.050   0.9016   0.00789   0.00357  -0.0008  0.0118  0.9974  -5.1412   0.0000   0.2434
   8.100   0.9078   0.00792   0.00360  -0.0009  0.0117  0.9976  -5.2062   0.0000   0.2435
   8.150   0.9139   0.00796   0.00364  -0.0011  0.0117  0.9978  -5.2715   0.0000   0.2436
   8.200   0.9201   0.00800   0.00367  -0.0012  0.0116  0.9980  -5.3371   0.0000   0.2437
   8.250   0.9262   0.00804   0.00371  -0.0014  0.0115  0.9982  -5.4028   0.0000   0.2438
   8.300   0.9323   0.00808   0.00375  -0.0015  0.0113  0.9984  -5.4688   0.0000   0.2439
   8.350   0.9383   0.00812   0.00379  -0.0016  0.0112  0.9986  -5.5349   0.0000   0.2439
   8.400   0.9444   0.00817   0.00383  -0.0018  0.0110  0.9988  -5.6012   0.0000   0.2440
   8.450   0.9504   0.00821   0.00387  -0.0019  0.0107  0.9989  -5.6677   0.0000   0.2441
   8.500   0.9565   0.00827   0.00392  -0.0020  0.0105  0.9991  -5.7343   0.0000   0.2441
   8.550   0.9625   0.00832   0.00397  -0.0021  0.0102  0.9992  -5.8010   0.0000   0.2442
   8.600   0.9684   0.00838   0.00402  -0.0023  0.0099  0.9994  -5.8677   0.0000   0.2442
   8.650   0.9744   0.00844   0.00407  -0.0024  0.0095  0.9995  -5.9342   0.0000   0.2443
   8.700   0.9803   0.00851   0.00413  -0.0025  0.0089  0.9996  -6.0016   0.0000   0.2443
   8.800   0.9919   0.00873   0.00437  -0.0026  0.0069  0.9999  -6.1130   0.0000   0.2443
   8.850   0.9979   0.00877   0.00442  -0.0027  0.0069  1.0000  -6.1817   0.0000   0.2444
   8.900   1.0031   0.00881   0.00446  -0.0027  0.0069  1.0000  -6.2457   0.0000   0.2442
   8.950   1.0079   0.00885   0.00451  -0.0025  0.0069  1.0000  -6.3075   0.0000   0.2440
   9.000   1.0127   0.00890   0.00455  -0.0024  0.0069  1.0000  -6.3697   0.0000   0.2438
   9.050   1.0175   0.00894   0.00459  -0.0022  0.0069  1.0000  -6.4323   0.0000   0.2435
   9.100   1.0223   0.00898   0.00463  -0.0021  0.0069  1.0000  -6.4953   0.0000   0.2433
   9.150   1.0272   0.00902   0.00468  -0.0019  0.0069  1.0000  -6.5587   0.0000   0.2431
   9.200   1.0321   0.00906   0.00472  -0.0018  0.0069  1.0000  -6.6225   0.0000   0.2429
   9.250   1.0370   0.00911   0.00477  -0.0017  0.0069  1.0000  -6.6866   0.0000   0.2427
   9.300   1.0419   0.00915   0.00481  -0.0015  0.0068  1.0000  -6.7510   0.0000   0.2425
   9.350   1.0468   0.00919   0.00485  -0.0014  0.0068  1.0000  -6.8158   0.0000   0.2423
   9.400   1.0517   0.00924   0.00490  -0.0013  0.0068  1.0000  -6.8808   0.0000   0.2422
   9.450   1.0566   0.00928   0.00494  -0.0012  0.0068  1.0000  -6.9462   0.0000   0.2420
   9.500   1.0615   0.00932   0.00499  -0.0010  0.0068  1.0000  -7.0120   0.0000   0.2418
   9.550   1.0665   0.00937   0.00504  -0.0009  0.0068  1.0000  -7.0781   0.0000   0.2416
   9.600   1.0714   0.00941   0.00508  -0.0008  0.0068  1.0000  -7.1446   0.0000   0.2414
   9.650   1.0764   0.00946   0.00513  -0.0007  0.0068  1.0000  -7.2116   0.0000   0.2413
   9.700   1.0814   0.00950   0.00517  -0.0006  0.0068  1.0000  -7.2789   0.0000   0.2411
   9.750   1.0865   0.00955   0.00522  -0.0005  0.0068  1.0000  -7.3466   0.0000   0.2410
   9.800   1.0915   0.00960   0.00527  -0.0004  0.0068  1.0000  -7.4147   0.0000   0.2408
   9.850   1.0966   0.00964   0.00532  -0.0003  0.0068  1.0000  -7.4832   0.0000   0.2407
   9.900   1.1016   0.00969   0.00536  -0.0002  0.0068  1.0000  -7.5520   0.0000   0.2405
   9.950   1.1067   0.00973   0.00541  -0.0002  0.0068  1.0000  -7.6212   0.0000   0.2404
  10.000   1.1118   0.00978   0.00546  -0.0001  0.0068  1.0000  -7.6907   0.0000   0.2402
  10.050   1.1169   0.00983   0.00551  -0.0000  0.0068  1.0000  -7.7606   0.0000   0.2401
  10.100   1.1220   0.00987   0.00556   0.0001  0.0068  1.0000  -7.8308   0.0000   0.2400
  10.150   1.1271   0.00992   0.00560   0.0001  0.0068  1.0000  -7.9014   0.0000   0.2398
  10.200   1.1322   0.00997   0.00565   0.0002  0.0068  1.0000  -7.9722   0.0000   0.2397
  10.250   1.1374   0.01002   0.00570   0.0003  0.0068  1.0000  -8.0434   0.0000   0.2396
  10.300   1.1425   0.01007   0.00575   0.0003  0.0068  1.0000  -8.1149   0.0000   0.2395
  10.350   1.1476   0.01011   0.00580   0.0004  0.0068  1.0000  -8.1867   0.0000   0.2393
  10.400   1.1528   0.01016   0.00585   0.0005  0.0068  1.0000  -8.2589   0.0000   0.2392
  10.450   1.1579   0.01021   0.00590   0.0005  0.0068  1.0000  -8.3313   0.0000   0.2391
  10.500   1.1631   0.01025   0.00595   0.0006  0.0068  1.0000  -8.4040   0.0000   0.2390
  10.550   1.1682   0.01030   0.00600   0.0006  0.0068  1.0000  -8.4771   0.0000   0.2389
  10.600   1.1733   0.01035   0.00605   0.0007  0.0068  1.0000  -8.5503   0.0000   0.2387
  10.650   1.1785   0.01040   0.00610   0.0008  0.0068  1.0000  -8.6239   0.0000   0.2386
  10.700   1.1836   0.01045   0.00615   0.0008  0.0068  1.0000  -8.6978   0.0000   0.2385
  10.750   1.1888   0.01050   0.00620   0.0009  0.0068  1.0000  -8.7719   0.0000   0.2384
  10.800   1.1939   0.01055   0.00625   0.0009  0.0068  1.0000  -8.8463   0.0000   0.2383
  10.850   1.1990   0.01060   0.00630   0.0010  0.0068  1.0000  -8.9210   0.0000   0.2382
  10.900   1.2042   0.01065   0.00635   0.0010  0.0068  1.0000  -8.9960   0.0000   0.2380
  10.950   1.2093   0.01070   0.00641   0.0011  0.0068  1.0000  -9.0712   0.0000   0.2379
  11.000   1.2144   0.01075   0.00646   0.0012  0.0067  1.0000  -9.1468   0.0000   0.2378
  11.050   1.2195   0.01080   0.00651   0.0012  0.0067  1.0000  -9.2225   0.0000   0.2377
  11.100   1.2247   0.01085   0.00656   0.0013  0.0067  1.0000  -9.2986   0.0000   0.2376
  11.150   1.2298   0.01090   0.00662   0.0013  0.0067  1.0000  -9.3749   0.0000   0.2375
  11.200   1.2349   0.01096   0.00667   0.0014  0.0067  1.0000  -9.4514   0.0000   0.2374
  11.250   1.2400   0.01101   0.00672   0.0014  0.0067  1.0000  -9.5283   0.0000   0.2372
  11.300   1.2451   0.01106   0.00678   0.0015  0.0067  1.0000  -9.6053   0.0000   0.2371
  11.350   1.2502   0.01111   0.00683   0.0016  0.0067  1.0000  -9.6827   0.0000   0.2370
  11.400   1.2554   0.01117   0.00688   0.0016  0.0067  1.0000  -9.7603   0.0000   0.2369
  11.450   1.2605   0.01122   0.00694   0.0017  0.0067  1.0000  -9.8381   0.0000   0.2368
  11.500   1.2656   0.01127   0.00699   0.0017  0.0067  1.0000  -9.9162   0.0000   0.2367
  11.550   1.2706   0.01133   0.00705   0.0018  0.0067  1.0000  -9.9945   0.0000   0.2365
  11.600   1.2757   0.01138   0.00710   0.0018  0.0067  1.0000  -10.0731   0.0000   0.2364
  11.650   1.2808   0.01143   0.00716   0.0019  0.0067  1.0000  -10.1519   0.0000   0.2363
  11.700   1.2859   0.01149   0.00721   0.0020  0.0067  1.0000  -10.2310   0.0000   0.2362
  11.750   1.2910   0.01154   0.00727   0.0020  0.0067  1.0000  -10.3103   0.0000   0.2361
  11.800   1.2960   0.01160   0.00733   0.0021  0.0067  1.0000  -10.3898   0.0000   0.2360
  11.850   1.3011   0.01165   0.00738   0.0021  0.0066  1.0000  -10.4696   0.0000   0.2359
  11.900   1.3062   0.01171   0.00744   0.0022  0.0066  1.0000  -10.5496   0.0000   0.2357
  11.950   1.3112   0.01176   0.00750   0.0023  0.0066  1.0000  -10.6298   0.0000   0.2356
  12.000   1.3163   0.01182   0.00755   0.0023  0.0066  1.0000  -10.7103   0.0000   0.2355
  12.050   1.3213   0.01187   0.00761   0.0024  0.0066  1.0000  -10.7909   0.0000   0.2354
  12.100   1.3264   0.01193   0.00767   0.0024  0.0066  1.0000  -10.8718   0.0000   0.2353
  12.150   1.3314   0.01199   0.00774   0.0025  0.0066  1.0000  -10.9531   0.0000   0.2351
  12.200   1.3364   0.01205   0.00780   0.0026  0.0066  1.0000  -11.0345   0.0000   0.2350
  12.250   1.3414   0.01211   0.00786   0.0026  0.0066  1.0000  -11.1161   0.0000   0.2349
  12.300   1.3464   0.01216   0.00792   0.0027  0.0066  1.0000  -11.1979   0.0000   0.2348
  12.350   1.3514   0.01222   0.00798   0.0028  0.0065  1.0000  -11.2799   0.0000   0.2347
  12.400   1.3564   0.01228   0.00804   0.0028  0.0065  1.0000  -11.3621   0.0000   0.2345
  12.450   1.3614   0.01234   0.00810   0.0029  0.0065  1.0000  -11.4446   0.0000   0.2344
  12.500   1.3664   0.01240   0.00816   0.0029  0.0065  1.0000  -11.5272   0.0000   0.2343
  12.550   1.3714   0.01246   0.00822   0.0030  0.0065  1.0000  -11.6100   0.0000   0.2342
  12.600   1.3764   0.01252   0.00828   0.0031  0.0065  1.0000  -11.6930   0.0000   0.2340
  12.650   1.3813   0.01258   0.00834   0.0032  0.0064  1.0000  -11.7762   0.0000   0.2339
  12.700   1.3863   0.01264   0.00840   0.0032  0.0064  1.0000  -11.8596   0.0000   0.2338
  12.750   1.3912   0.01270   0.00847   0.0033  0.0064  1.0000  -11.9431   0.0000   0.2337
  12.800   1.3961   0.01276   0.00853   0.0034  0.0064  1.0000  -12.0269   0.0000   0.2335
  12.850   1.4011   0.01283   0.00860   0.0034  0.0064  1.0000  -12.1108   0.0000   0.2334
  12.900   1.4060   0.01289   0.00866   0.0035  0.0063  1.0000  -12.1948   0.0000   0.2333
  12.950   1.4109   0.01296   0.00873   0.0036  0.0063  1.0000  -12.2791   0.0000   0.2332
  13.000   1.4158   0.01302   0.00879   0.0037  0.0063  1.0000  -12.3634   0.0000   0.2330
  13.050   1.4207   0.01309   0.00886   0.0037  0.0063  1.0000  -12.4480   0.0000   0.2329
  13.100   1.4255   0.01315   0.00893   0.0038  0.0062  1.0000  -12.5326   0.0000   0.2328
  13.150   1.4304   0.01322   0.00900   0.0039  0.0062  1.0000  -12.6174   0.0000   0.2326
  13.200   1.4352   0.01329   0.00907   0.0040  0.0062  1.0000  -12.7023   0.0000   0.2325
  13.250   1.4400   0.01336   0.00914   0.0041  0.0061  1.0000  -12.7873   0.0000   0.2324
  13.300   1.4448   0.01343   0.00921   0.0041  0.0061  1.0000  -12.8725   0.0000   0.2322
  13.350   1.4496   0.01350   0.00928   0.0042  0.0060  1.0000  -12.9577   0.0000   0.2321
  13.400   1.4544   0.01357   0.00935   0.0043  0.0060  1.0000  -13.0430   0.0000   0.2320
  13.450   1.4592   0.01365   0.00943   0.0044  0.0059  1.0000  -13.1283   0.0000   0.2318
  13.500   1.4639   0.01372   0.00951   0.0045  0.0059  1.0000  -13.2137   0.0000   0.2317
  13.550   1.4686   0.01380   0.00958   0.0046  0.0058  1.0000  -13.2991   0.0000   0.2316
  13.600   1.4733   0.01388   0.00966   0.0047  0.0057  1.0000  -13.3845   0.0000   0.2314
  13.650   1.4780   0.01396   0.00975   0.0048  0.0057  1.0000  -13.4698   0.0000   0.2313
  13.700   1.4826   0.01405   0.00983   0.0049  0.0056  1.0000  -13.5550   0.0000   0.2311
  13.750   1.4872   0.01413   0.00992   0.0050  0.0055  1.0000  -13.6402   0.0000   0.2310
  13.800   1.4918   0.01422   0.01000   0.0051  0.0054  1.0000  -13.7252   0.0000   0.2308
  13.850   1.4963   0.01432   0.01010   0.0052  0.0053  1.0000  -13.8098   0.0000   0.2307
  13.900   1.5008   0.01441   0.01020   0.0053  0.0052  1.0000  -13.8935   0.0000   0.2305
  13.950   1.5053   0.01451   0.01030   0.0055  0.0051  1.0000  -13.9774   0.0000   0.2303
  14.000   1.5097   0.01462   0.01040   0.0056  0.0050  1.0000  -14.0609   0.0000   0.2302
  14.050   1.5141   0.01472   0.01050   0.0057  0.0049  1.0000  -14.1442   0.0000   0.2300
  14.100   1.5185   0.01483   0.01061   0.0059  0.0048  1.0000  -14.2269   0.0000   0.2298
  14.150   1.5228   0.01494   0.01072   0.0060  0.0047  1.0000  -14.3090   0.0000   0.2297
  14.200   1.5271   0.01505   0.01083   0.0062  0.0045  1.0000  -14.3901   0.0000   0.2295
  14.250   1.5313   0.01517   0.01095   0.0063  0.0043  1.0000  -14.4690   0.0000   0.2293
  14.350   1.5358   0.01586   0.01173   0.0072  0.0031  1.0000  -14.4817   0.0000   0.2286
  14.400   1.5402   0.01596   0.01184   0.0074  0.0031  1.0000  -14.5646   0.0000   0.2284
  14.450   1.5445   0.01606   0.01195   0.0075  0.0031  1.0000  -14.6476   0.0000   0.2282
  14.500   1.5488   0.01616   0.01206   0.0076  0.0031  1.0000  -14.7304   0.0000   0.2281
  14.550   1.5531   0.01627   0.01217   0.0078  0.0031  1.0000  -14.8133   0.0000   0.2279
  14.600   1.5573   0.01637   0.01228   0.0079  0.0031  1.0000  -14.8961   0.0000   0.2277
  14.650   1.5616   0.01648   0.01240   0.0081  0.0031  1.0000  -14.9789   0.0000   0.2275
  14.700   1.5658   0.01659   0.01251   0.0082  0.0031  1.0000  -15.0616   0.0000   0.2274
  14.750   1.5700   0.01669   0.01263   0.0084  0.0031  1.0000  -15.1443   0.0000   0.2272
  14.800   1.5741   0.01680   0.01275   0.0086  0.0031  1.0000  -15.2269   0.0000   0.2270
  14.850   1.5783   0.01692   0.01287   0.0087  0.0031  1.0000  -15.3094   0.0000   0.2268
  14.900   1.5824   0.01703   0.01299   0.0089  0.0031  1.0000  -15.3918   0.0000   0.2266
  14.950   1.5864   0.01714   0.01311   0.0091  0.0031  1.0000  -15.4742   0.0000   0.2265
  15.000   1.5905   0.01726   0.01324   0.0092  0.0031  1.0000  -15.5564   0.0000   0.2263


