  -5.000  -0.3436   0.00622   0.00156  -0.0427  0.6767  0.0297  -2.5098   0.0000   0.1181
  -4.750  -0.3155   0.00616   0.00147  -0.0427  0.6540  0.0334  -2.3510   0.0000   0.1070
  -4.500  -0.2871   0.00611   0.00139  -0.0427  0.6385  0.0357  -2.1942   0.0000   0.0934
  -4.250  -0.2585   0.00608   0.00132  -0.0428  0.6207  0.0364  -2.0403   0.0000   0.0766
  -4.000  -0.2302   0.00604   0.00126  -0.0428  0.6033  0.0415  -1.8913   0.0000   0.0558
  -3.750  -0.2016   0.00596   0.00118  -0.0429  0.5901  0.0457  -1.7453   0.0000   0.0288
  -3.500  -0.1732   0.00597   0.00113  -0.0429  0.5676  0.0474  -1.6032   0.0000  -0.0068
  -3.250  -0.1447   0.00591   0.00106  -0.0430  0.5537  0.0556  -1.4799   0.0000  -0.0567
  -3.000  -0.1162   0.00589   0.00101  -0.0430  0.5343  0.0596  -1.3657   0.0000  -0.1311
  -2.750  -0.0878   0.00585   0.00097  -0.0431  0.5198  0.0683  -1.2546   0.0000  -0.2537
  -2.500  -0.0591   0.00583   0.00092  -0.0432  0.5043  0.0725  -1.1453   0.0000  -0.4974
  -2.250  -0.0308   0.00582   0.00089  -0.0432  0.4844  0.0827  -1.0396   0.0000  -1.1812
  -2.000  -0.0020   0.00579   0.00086  -0.0433  0.4715  0.0885  -0.9354   0.0000  -21.4827
  -1.750   0.0263   0.00577   0.00083  -0.0434  0.4524  0.1016  -0.8502   0.0000   1.9223
  -1.500   0.0550   0.00572   0.00080  -0.0435  0.4433  0.1161  -0.7661   0.0000   1.0490
  -1.250   0.0834   0.00574   0.00079  -0.0435  0.4235  0.1265  -0.6840   0.0000   0.7757
  -1.000   0.1122   0.00570   0.00077  -0.0437  0.4156  0.1375  -0.6066   0.0000   0.6408
  -0.750   0.1405   0.00569   0.00076  -0.0437  0.4010  0.1569  -0.5472   0.0000   0.5615
  -0.500   0.1693   0.00564   0.00075  -0.0438  0.3918  0.1752  -0.5706   0.0000   0.5085
  -0.250   0.1978   0.00562   0.00075  -0.0439  0.3816  0.1955  -0.5939   0.0000   0.4710
   0.000   0.2263   0.00560   0.00075  -0.0440  0.3681  0.2188  -0.6190   0.0000   0.4429
   0.250   0.2551   0.00555   0.00075  -0.0442  0.3641  0.2409  -0.6445   0.0000   0.4211
   0.500   0.2835   0.00549   0.00075  -0.0443  0.3562  0.2795  -0.6698   0.0000   0.4038
   0.750   0.3118   0.00542   0.00076  -0.0443  0.3452  0.3227  -0.6965   0.0000   0.3896
   1.000   0.3399   0.00524   0.00076  -0.0444  0.3402  0.3934  -0.7239   0.0000   0.3778
   1.250   0.3684   0.00516   0.00077  -0.0445  0.3363  0.4396  -0.7518   0.0000   0.3678
   1.500   0.3967   0.00512   0.00080  -0.0446  0.3288  0.4779  -0.7816   0.0000   0.3592
   1.750   0.4251   0.00510   0.00083  -0.0447  0.3192  0.5118  -0.8118   0.0000   0.3517
   2.000   0.4537   0.00503   0.00085  -0.0448  0.3148  0.5545  -0.8441   0.0000   0.3451
   2.250   0.4824   0.00499   0.00088  -0.0450  0.3119  0.5855  -0.8775   0.0000   0.3393
   2.500   0.5105   0.00500   0.00093  -0.0450  0.3018  0.6184  -0.9131   0.0000   0.3341
   2.750   0.5388   0.00501   0.00098  -0.0451  0.2897  0.6499  -0.9509   0.0000   0.3294
   3.000   0.5671   0.00502   0.00103  -0.0452  0.2819  0.6833  -0.9919   0.0000   0.3251
   3.250   0.5948   0.00506   0.00110  -0.0452  0.2653  0.7211  -1.0371   0.0000   0.3212
   3.500   0.6224   0.00509   0.00117  -0.0451  0.2537  0.7608  -1.0892   0.0000   0.3175
   3.750   0.6502   0.00513   0.00125  -0.0451  0.2399  0.7966  -1.1507   0.0000   0.3142
   4.000   0.6770   0.00523   0.00136  -0.0449  0.2191  0.8357  -1.2196   0.0000   0.3109
   4.250   0.7038   0.00530   0.00147  -0.0447  0.2062  0.8754  -1.2947   0.0000   0.3079
   4.500   0.7301   0.00535   0.00157  -0.0443  0.1930  0.9174  -1.3807   0.0000   0.3048
   4.750   0.7557   0.00553   0.00171  -0.0438  0.1716  0.9428  -1.4671   0.0000   0.3019
   5.000   0.7815   0.00570   0.00184  -0.0434  0.1550  0.9579  -1.5667   0.0000   0.2992
   5.250   0.8076   0.00592   0.00199  -0.0430  0.1364  0.9672  -1.6711   0.0000   0.2967
   5.500   0.8330   0.00616   0.00215  -0.0425  0.1176  0.9774  -1.7762   0.0000   0.2942
   5.750   0.8599   0.00638   0.00230  -0.0423  0.1025  0.9840  -1.8867   0.0000   0.2922
   6.000   0.8875   0.00660   0.00246  -0.0423  0.0917  0.9899  -2.0205   0.0000   0.2904
   6.250   0.9159   0.00679   0.00260  -0.0425  0.0821  0.9935  -2.1585   0.0000   0.2889
   6.500   0.9466   0.00702   0.00276  -0.0433  0.0711  0.9953  -2.3051   0.0000   0.2879
   6.750   0.9767   0.00729   0.00295  -0.0439  0.0587  0.9971  -2.4530   0.0000   0.2869
   7.000   1.0066   0.00754   0.00314  -0.0445  0.0512  0.9985  -2.6037   0.0000   0.2859
   7.250   1.0369   0.00773   0.00329  -0.0452  0.0461  0.9995  -2.7590   0.0000   0.2849
   7.500   1.0650   0.00796   0.00349  -0.0454  0.0413  1.0000  -2.9336   0.0000   0.2836
   7.750   1.0896   0.00815   0.00364  -0.0448  0.0363  1.0000  -3.1054   0.0000   0.2818
   8.000   1.1150   0.00832   0.00380  -0.0443  0.0346  1.0000  -3.2836   0.0000   0.2802
   8.250   1.1401   0.00857   0.00400  -0.0439  0.0310  1.0000  -3.4638   0.0000   0.2786
   8.500   1.1659   0.00877   0.00418  -0.0435  0.0270  1.0000  -3.6499   0.0000   0.2771
   8.750   1.1921   0.00895   0.00434  -0.0433  0.0263  1.0000  -3.8419   0.0000   0.2758
   9.000   1.2176   0.00919   0.00456  -0.0430  0.0241  1.0000  -4.0348   0.0000   0.2744
   9.250   1.2430   0.00945   0.00479  -0.0426  0.0216  1.0000  -4.2291   0.0000   0.2731
   9.500   1.2687   0.00967   0.00499  -0.0424  0.0188  1.0000  -4.4291   0.0000   0.2718
   9.750   1.2947   0.00987   0.00518  -0.0421  0.0186  1.0000  -4.6349   0.0000   0.2706
  10.000   1.3204   0.01008   0.00539  -0.0419  0.0181  1.0000  -4.8434   0.0000   0.2694
  10.250   1.3455   0.01033   0.00563  -0.0415  0.0170  1.0000  -5.0531   0.0000   0.2682
  10.500   1.3700   0.01063   0.00590  -0.0411  0.0155  1.0000  -5.2630   0.0000   0.2669
  10.750   1.3946   0.01092   0.00616  -0.0407  0.0136  1.0000  -5.4757   0.0000   0.2657
  11.000   1.4193   0.01119   0.00643  -0.0403  0.0121  1.0000  -5.7049   0.0000   0.2645
  11.250   1.4442   0.01142   0.00667  -0.0399  0.0121  1.0000  -5.9623   0.0000   0.2634
  11.500   1.4689   0.01166   0.00691  -0.0396  0.0121  1.0000  -6.2235   0.0000   0.2622
  11.750   1.4934   0.01191   0.00716  -0.0392  0.0120  1.0000  -6.4881   0.0000   0.2611
  12.000   1.5175   0.01218   0.00742  -0.0387  0.0118  1.0000  -6.7556   0.0000   0.2600
  12.250   1.5412   0.01246   0.00770  -0.0382  0.0116  1.0000  -7.0255   0.0000   0.2588
  12.500   1.5644   0.01277   0.00801  -0.0376  0.0112  1.0000  -7.2966   0.0000   0.2577
  12.750   1.5865   0.01313   0.00837  -0.0369  0.0105  1.0000  -7.5670   0.0000   0.2564
  13.000   1.6077   0.01354   0.00877  -0.0360  0.0095  1.0000  -7.8343   0.0000   0.2551
  13.250   1.6286   0.01396   0.00917  -0.0351  0.0082  1.0000  -8.1016   0.0000   0.2538
  13.500   1.6486   0.01441   0.00963  -0.0340  0.0069  1.0000  -8.3606   0.0000   0.2524
  13.750   1.6696   0.01476   0.00999  -0.0331  0.0069  1.0000  -8.6397   0.0000   0.2512
  14.000   1.6901   0.01512   0.01037  -0.0322  0.0069  1.0000  -8.9191   0.0000   0.2499
  14.250   1.7094   0.01550   0.01076  -0.0310  0.0068  1.0000  -9.1960   0.0000   0.2486
  14.500   1.7264   0.01588   0.01115  -0.0294  0.0068  1.0000  -9.4628   0.0000   0.2470
  14.750   1.7418   0.01629   0.01159  -0.0276  0.0068  1.0000  -9.7225   0.0000   0.2453
  15.000   1.7571   0.01674   0.01205  -0.0258  0.0068  1.0000  -9.9846   0.0000   0.2437


