  -5.000  -0.7403   0.01040   0.00444   0.0267  0.7550  0.0259  -3.8429   0.0000   0.2806
  -4.750  -0.7129   0.01024   0.00425   0.0269  0.7496  0.0263  -3.6244   0.0000   0.2825
  -4.500  -0.6866   0.00992   0.00390   0.0274  0.7427  0.0301  -3.4256   0.0000   0.2848
  -4.250  -0.6595   0.00969   0.00370   0.0276  0.7395  0.0330  -3.2395   0.0000   0.2870
  -4.000  -0.6320   0.00951   0.00353   0.0278  0.7346  0.0348  -3.0682   0.0000   0.2893
  -3.750  -0.6044   0.00937   0.00337   0.0280  0.7280  0.0356  -2.8982   0.0000   0.2918
  -3.500  -0.5774   0.00914   0.00312   0.0283  0.7195  0.0405  -2.7394   0.0000   0.2947
  -3.250  -0.5501   0.00896   0.00296   0.0286  0.7115  0.0443  -2.5778   0.0000   0.2977
  -3.000  -0.5223   0.00882   0.00280   0.0287  0.7043  0.0463  -2.4161   0.0000   0.3010
  -2.750  -0.4950   0.00864   0.00262   0.0290  0.6951  0.0529  -2.2630   0.0000   0.3047
  -2.500  -0.4675   0.00850   0.00248   0.0292  0.6843  0.0576  -2.1111   0.0000   0.3087
  -2.250  -0.4399   0.00834   0.00234   0.0293  0.6776  0.0652  -1.9627   0.0000   0.3132
  -2.000  -0.4122   0.00821   0.00222   0.0295  0.6674  0.0717  -1.8171   0.0000   0.3182
  -1.750  -0.3849   0.00806   0.00209   0.0297  0.6548  0.0825  -1.6764   0.0000   0.3240
  -1.500  -0.3571   0.00793   0.00198   0.0298  0.6452  0.0923  -1.5524   0.0000   0.3306
  -1.000  -0.3019   0.00768   0.00176   0.0301  0.6199  0.1174  -1.3257   0.0000   0.3473
  -0.750  -0.2744   0.00755   0.00167   0.0302  0.6072  0.1356  -1.2170   0.0000   0.3581
  -0.500  -0.2469   0.00744   0.00159   0.0304  0.5939  0.1545  -1.1107   0.0000   0.3713
  -0.250  -0.2193   0.00732   0.00151   0.0305  0.5805  0.1752  -1.0068   0.0000   0.3877
   0.000  -0.1921   0.00718   0.00144   0.0307  0.5647  0.2049  -0.9190   0.0000   0.4089
   0.250  -0.1650   0.00703   0.00137   0.0309  0.5515  0.2395  -0.8355   0.0000   0.4369
   0.500  -0.1383   0.00685   0.00129   0.0311  0.5365  0.2825  -0.7540   0.0000   0.4757
   0.750  -0.1143   0.00641   0.00119   0.0318  0.5241  0.3902  -0.6791   0.0000   0.5302
   1.000  -0.0905   0.00605   0.00112   0.0326  0.5076  0.4908  -0.6157   0.0000   0.6134
   1.250  -0.0657   0.00576   0.00106   0.0332  0.4949  0.5700  -0.5526   0.0000   0.7618
   1.500  -0.0436   0.00534   0.00097   0.0343  0.4799  0.6808  -0.5109   0.0000   1.0513
   1.750  -0.0243   0.00482   0.00099   0.0363  0.4699  0.8448  -0.5302   0.0000   1.7724
   2.000   0.0043   0.00494   0.00102   0.0363  0.4523  0.8558  -0.5546   0.0000  -8.4613
   2.250   0.0325   0.00498   0.00108   0.0364  0.4432  0.8663  -0.5806   0.0000  -0.9002
   2.500   0.0609   0.00510   0.00114   0.0364  0.4294  0.8737  -0.6069   0.0000  -0.3669
   2.750   0.0897   0.00520   0.00119   0.0363  0.4192  0.8774  -0.6338   0.0000  -0.1700
   3.000   0.1184   0.00527   0.00122   0.0363  0.4089  0.8819  -0.6627   0.0000  -0.0686
   3.250   0.1468   0.00536   0.00128   0.0363  0.3962  0.8871  -0.6914   0.0000  -0.0082
   3.500   0.1753   0.00542   0.00135   0.0363  0.3901  0.8915  -0.7221   0.0000   0.0326
   3.750   0.2037   0.00553   0.00142   0.0363  0.3815  0.8953  -0.7537   0.0000   0.0620
   4.000   0.2321   0.00566   0.00150   0.0363  0.3697  0.8983  -0.7871   0.0000   0.0843
   4.250   0.2607   0.00575   0.00159   0.0362  0.3657  0.9009  -0.8221   0.0000   0.1018
   4.500   0.2890   0.00581   0.00164   0.0362  0.3590  0.9053  -0.8601   0.0000   0.1156
   4.750   0.3171   0.00590   0.00170   0.0363  0.3500  0.9093  -0.9006   0.0000   0.1267
   5.000   0.3457   0.00598   0.00176   0.0361  0.3422  0.9108  -0.9455   0.0000   0.1366
   5.250   0.3744   0.00604   0.00181   0.0360  0.3374  0.9122  -0.9960   0.0000   0.1450
   5.500   0.4027   0.00614   0.00189   0.0360  0.3296  0.9143  -1.0531   0.0000   0.1518
   5.750   0.4308   0.00628   0.00199   0.0359  0.3182  0.9161  -1.1182   0.0000   0.1578
   6.000   0.4598   0.00633   0.00206   0.0357  0.3134  0.9169  -1.1933   0.0000   0.1634
   6.250   0.4887   0.00642   0.00211   0.0354  0.3036  0.9169  -1.2746   0.0000   0.1685
   6.500   0.5174   0.00655   0.00218   0.0351  0.2908  0.9167  -1.3638   0.0000   0.1730
   6.750   0.5463   0.00665   0.00225   0.0348  0.2804  0.9166  -1.4582   0.0000   0.1770
   7.000   0.5747   0.00681   0.00234   0.0345  0.2647  0.9164  -1.5646   0.0000   0.1805
   7.250   0.6029   0.00698   0.00244   0.0343  0.2499  0.9163  -1.6728   0.0000   0.1835
   7.500   0.6310   0.00717   0.00257   0.0340  0.2320  0.9162  -1.7827   0.0000   0.1863
   7.750   0.6588   0.00740   0.00273   0.0338  0.2134  0.9161  -1.9034   0.0000   0.1887
   8.000   0.6864   0.00765   0.00289   0.0337  0.1949  0.9161  -2.0362   0.0000   0.1908
   8.250   0.7137   0.00794   0.00308   0.0335  0.1744  0.9160  -2.1704   0.0000   0.1927
   8.500   0.7404   0.00829   0.00331   0.0334  0.1511  0.9161  -2.3058   0.0000   0.1943
   8.750   0.7672   0.00863   0.00355   0.0333  0.1315  0.9161  -2.4439   0.0000   0.1958
   9.000   0.7939   0.00896   0.00380   0.0332  0.1143  0.9161  -2.5844   0.0000   0.1971
   9.250   0.8205   0.00930   0.00405   0.0331  0.0991  0.9162  -2.7273   0.0000   0.1983
   9.500   0.8469   0.00965   0.00434   0.0330  0.0856  0.9163  -2.8971   0.0000   0.1994
   9.750   0.8732   0.01001   0.00463   0.0329  0.0732  0.9164  -3.0711   0.0000   0.2004
  10.000   0.8993   0.01037   0.00494   0.0329  0.0629  0.9166  -3.2478   0.0000   0.2012
  10.250   0.9257   0.01068   0.00521   0.0328  0.0557  0.9167  -3.4294   0.0000   0.2021
  10.500   0.9517   0.01105   0.00553   0.0328  0.0480  0.9169  -3.6119   0.0000   0.2028
  10.750   0.9780   0.01134   0.00581   0.0327  0.0444  0.9172  -3.8005   0.0000   0.2034
  11.000   1.0035   0.01173   0.00617   0.0327  0.0385  0.9175  -3.9877   0.0000   0.2039
  11.250   1.0297   0.01201   0.00647   0.0326  0.0361  0.9177  -4.1807   0.0000   0.2045
  11.500   1.0552   0.01236   0.00681   0.0326  0.0333  0.9181  -4.3757   0.0000   0.2049
  11.750   1.0798   0.01280   0.00722   0.0327  0.0291  0.9185  -4.5681   0.0000   0.2052
  12.000   1.1051   0.01314   0.00759   0.0327  0.0274  0.9189  -4.7675   0.0000   0.2055
  12.250   1.1306   0.01345   0.00792   0.0327  0.0264  0.9194  -4.9730   0.0000   0.2058
  12.500   1.1551   0.01384   0.00830   0.0328  0.0248  0.9199  -5.1774   0.0000   0.2060
  12.750   1.1786   0.01431   0.00876   0.0329  0.0225  0.9205  -5.3788   0.0000   0.2060
  13.000   1.2005   0.01493   0.00942   0.0333  0.0195  0.9212  -5.5914   0.0000   0.2058
  13.250   1.2248   0.01527   0.00979   0.0334  0.0192  0.9219  -5.8403   0.0000   0.2059
  13.500   1.2485   0.01565   0.01020   0.0335  0.0189  0.9226  -6.0899   0.0000   0.2059
  13.750   1.2715   0.01607   0.01065   0.0337  0.0183  0.9233  -6.3393   0.0000   0.2058
  14.000   1.2936   0.01656   0.01116   0.0339  0.0176  0.9241  -6.5873   0.0000   0.2056
  14.500   1.3343   0.01767   0.01232   0.0348  0.0161  0.9289  -7.0746   0.0000   0.2049
  14.750   1.3521   0.01834   0.01303   0.0355  0.0151  0.9326  -7.3066   0.0000   0.2043
  15.000   1.3657   0.01917   0.01395   0.0367  0.0139  0.9373  -7.5130   0.0000   0.2032


