  -5.000  -0.5610   0.00590   0.00165   0.0006  0.8354  0.0276  -2.3706   0.0000   0.2463
  -4.950  -0.5555   0.00589   0.00163   0.0006  0.8294  0.0286  -2.3320   0.0000   0.2464
  -4.900  -0.5499   0.00588   0.00160   0.0006  0.8244  0.0297  -2.2935   0.0000   0.2464
  -4.850  -0.5442   0.00586   0.00159   0.0006  0.8220  0.0308  -2.2551   0.0000   0.2465
  -4.800  -0.5387   0.00584   0.00156   0.0006  0.8186  0.0318  -2.2172   0.0000   0.2465
  -4.750  -0.5332   0.00582   0.00154   0.0006  0.8136  0.0328  -2.1796   0.0000   0.2466
  -4.700  -0.5277   0.00580   0.00152   0.0006  0.8076  0.0337  -2.1423   0.0000   0.2467
  -4.650  -0.5221   0.00579   0.00150   0.0007  0.8007  0.0346  -2.1051   0.0000   0.2467
  -4.600  -0.5165   0.00577   0.00148   0.0006  0.7967  0.0352  -2.0677   0.0000   0.2468
  -4.550  -0.5109   0.00576   0.00146   0.0006  0.7942  0.0357  -2.0304   0.0000   0.2468
  -4.500  -0.5053   0.00574   0.00144   0.0006  0.7907  0.0361  -1.9949   0.0000   0.2468
  -4.450  -0.4997   0.00574   0.00143   0.0006  0.7858  0.0365  -1.9646   0.0000   0.2469
  -4.400  -0.4941   0.00573   0.00141   0.0006  0.7797  0.0385  -1.9349   0.0000   0.2469
  -4.350  -0.4886   0.00572   0.00139   0.0007  0.7726  0.0406  -1.9053   0.0000   0.2470
  -4.300  -0.4830   0.00569   0.00137   0.0007  0.7687  0.0425  -1.8758   0.0000   0.2471
  -4.250  -0.4774   0.00566   0.00134   0.0007  0.7658  0.0440  -1.8464   0.0000   0.2471
  -4.200  -0.4718   0.00565   0.00132   0.0007  0.7615  0.0452  -1.8171   0.0000   0.2472
  -4.150  -0.4663   0.00564   0.00131   0.0007  0.7562  0.0460  -1.7879   0.0000   0.2472
  -4.100  -0.4607   0.00564   0.00129   0.0007  0.7493  0.0466  -1.7588   0.0000   0.2473
  -4.050  -0.4551   0.00563   0.00128   0.0007  0.7426  0.0470  -1.7297   0.0000   0.2473
  -4.000  -0.4494   0.00562   0.00126   0.0006  0.7399  0.0478  -1.7007   0.0000   0.2473
  -3.950  -0.4437   0.00561   0.00125   0.0006  0.7371  0.0499  -1.6719   0.0000   0.2473
  -3.900  -0.4381   0.00559   0.00123   0.0006  0.7328  0.0520  -1.6435   0.0000   0.2474
  -3.850  -0.4326   0.00558   0.00121   0.0006  0.7273  0.0539  -1.6155   0.0000   0.2474
  -3.800  -0.4271   0.00557   0.00119   0.0007  0.7200  0.0557  -1.5877   0.0000   0.2475
  -3.750  -0.4215   0.00555   0.00118   0.0007  0.7130  0.0572  -1.5597   0.0000   0.2476
  -3.700  -0.4158   0.00554   0.00116   0.0006  0.7105  0.0582  -1.5317   0.0000   0.2476
  -3.650  -0.4102   0.00552   0.00114   0.0006  0.7072  0.0589  -1.5039   0.0000   0.2476
  -3.600  -0.4045   0.00552   0.00113   0.0006  0.7025  0.0599  -1.4765   0.0000   0.2476
  -3.550  -0.3990   0.00551   0.00111   0.0006  0.6971  0.0633  -1.4504   0.0000   0.2477
  -3.500  -0.3934   0.00550   0.00109   0.0006  0.6902  0.0658  -1.4233   0.0000   0.2477
  -3.450  -0.3878   0.00548   0.00108   0.0006  0.6837  0.0682  -1.3963   0.0000   0.2478
  -3.400  -0.3822   0.00546   0.00106   0.0006  0.6814  0.0701  -1.3692   0.0000   0.2478
  -3.350  -0.3766   0.00544   0.00104   0.0006  0.6782  0.0714  -1.3422   0.0000   0.2478
  -3.300  -0.3709   0.00544   0.00103   0.0006  0.6734  0.0722  -1.3153   0.0000   0.2478
  -3.250  -0.3653   0.00544   0.00102   0.0006  0.6671  0.0736  -1.2887   0.0000   0.2479
  -3.200  -0.3597   0.00544   0.00101   0.0006  0.6594  0.0770  -1.2624   0.0000   0.2479
  -3.150  -0.3541   0.00541   0.00099   0.0006  0.6539  0.0807  -1.2363   0.0000   0.2480
  -3.100  -0.3486   0.00538   0.00097   0.0006  0.6517  0.0845  -1.2103   0.0000   0.2480
  -3.050  -0.3429   0.00536   0.00095   0.0006  0.6487  0.0865  -1.1862   0.0000   0.2480
  -3.000  -0.3373   0.00535   0.00094   0.0006  0.6443  0.0897  -1.1647   0.0000   0.2481
  -2.950  -0.3318   0.00534   0.00093   0.0006  0.6384  0.0947  -1.1436   0.0000   0.2481
  -2.900  -0.3263   0.00532   0.00091   0.0006  0.6308  0.0984  -1.1226   0.0000   0.2482
  -2.850  -0.3206   0.00531   0.00089   0.0006  0.6247  0.1007  -1.1014   0.0000   0.2482
  -2.800  -0.3150   0.00530   0.00088   0.0006  0.6223  0.1020  -1.0802   0.0000   0.2482
  -2.750  -0.3093   0.00529   0.00087   0.0006  0.6189  0.1031  -1.0590   0.0000   0.2482
  -2.700  -0.3036   0.00528   0.00086   0.0005  0.6143  0.1072  -1.0381   0.0000   0.2483
  -2.650  -0.2981   0.00527   0.00085   0.0006  0.6082  0.1112  -1.0176   0.0000   0.2483
  -2.600  -0.2925   0.00526   0.00084   0.0006  0.6011  0.1148  -0.9971   0.0000   0.2484
  -2.550  -0.2869   0.00525   0.00082   0.0005  0.5953  0.1173  -0.9765   0.0000   0.2484
  -2.500  -0.2812   0.00523   0.00081   0.0005  0.5932  0.1188  -0.9559   0.0000   0.2484
  -2.450  -0.2755   0.00523   0.00081   0.0005  0.5901  0.1201  -0.9353   0.0000   0.2484
  -2.400  -0.2699   0.00522   0.00080   0.0005  0.5855  0.1248  -0.9151   0.0000   0.2484
  -2.350  -0.2643   0.00521   0.00078   0.0005  0.5790  0.1291  -0.8951   0.0000   0.2485
  -2.300  -0.2588   0.00520   0.00077   0.0005  0.5713  0.1330  -0.8753   0.0000   0.2485
  -2.250  -0.2531   0.00519   0.00076   0.0005  0.5657  0.1354  -0.8578   0.0000   0.2485
  -2.200  -0.2474   0.00518   0.00075   0.0005  0.5637  0.1369  -0.8409   0.0000   0.2485
  -2.150  -0.2417   0.00517   0.00074   0.0004  0.5608  0.1391  -0.8240   0.0000   0.2485
  -2.100  -0.2361   0.00516   0.00073   0.0004  0.5566  0.1458  -0.8075   0.0000   0.2485
  -2.050  -0.2307   0.00513   0.00072   0.0005  0.5507  0.1524  -0.7913   0.0000   0.2486
  -2.000  -0.2251   0.00513   0.00071   0.0005  0.5431  0.1557  -0.7749   0.0000   0.2487
  -1.950  -0.2194   0.00512   0.00070   0.0004  0.5367  0.1610  -0.7585   0.0000   0.2487
  -1.900  -0.2139   0.00508   0.00068   0.0004  0.5345  0.1686  -0.7423   0.0000   0.2488
  -1.850  -0.2083   0.00506   0.00067   0.0004  0.5314  0.1731  -0.7261   0.0000   0.2488
  -1.800  -0.2026   0.00506   0.00066   0.0004  0.5271  0.1751  -0.7095   0.0000   0.2488
  -1.750  -0.1969   0.00507   0.00066   0.0004  0.5212  0.1764  -0.6933   0.0000   0.2488
  -1.700  -0.1913   0.00508   0.00066   0.0004  0.5140  0.1801  -0.6794   0.0000   0.2488
  -1.650  -0.1857   0.00506   0.00064   0.0004  0.5077  0.1857  -0.6657   0.0000   0.2488
  -1.600  -0.1801   0.00503   0.00063   0.0004  0.5057  0.1917  -0.6522   0.0000   0.2489
  -1.550  -0.1744   0.00501   0.00062   0.0004  0.5027  0.1958  -0.6386   0.0000   0.2489
  -1.500  -0.1688   0.00501   0.00062   0.0003  0.4982  0.1987  -0.6250   0.0000   0.2489
  -1.450  -0.1633   0.00500   0.00061   0.0003  0.4917  0.2076  -0.6117   0.0000   0.2489
  -1.400  -0.1578   0.00499   0.00060   0.0004  0.4843  0.2144  -0.5985   0.0000   0.2491
  -1.350  -0.1521   0.00498   0.00059   0.0003  0.4787  0.2176  -0.5852   0.0000   0.2490
  -1.300  -0.1464   0.00497   0.00059   0.0003  0.4768  0.2192  -0.5734   0.0000   0.2490
  -1.250  -0.1406   0.00497   0.00059   0.0003  0.4739  0.2229  -0.5617   0.0000   0.2489
  -1.200  -0.1350   0.00496   0.00058   0.0003  0.4694  0.2289  -0.5502   0.0000   0.2489
  -1.150  -0.1295   0.00495   0.00057   0.0003  0.4629  0.2353  -0.5389   0.0000   0.2491
  -1.100  -0.1240   0.00495   0.00057   0.0003  0.4550  0.2399  -0.5275   0.0000   0.2491
  -1.050  -0.1183   0.00494   0.00056   0.0003  0.4499  0.2423  -0.5162   0.0000   0.2491
  -1.000  -0.1126   0.00492   0.00056   0.0002  0.4479  0.2507  -0.5062   0.0000   0.2491
  -0.950  -0.1070   0.00490   0.00055   0.0002  0.4447  0.2579  -0.4962   0.0000   0.2491
  -0.900  -0.1014   0.00489   0.00054   0.0002  0.4399  0.2623  -0.4863   0.0000   0.2492
  -0.850  -0.0958   0.00491   0.00054   0.0002  0.4333  0.2645  -0.4763   0.0000   0.2492
  -0.800  -0.0901   0.00492   0.00054   0.0002  0.4255  0.2658  -0.4664   0.0000   0.2491
  -0.750  -0.0844   0.00491   0.00054   0.0002  0.4215  0.2715  -0.4575   0.0000   0.2491
  -0.700  -0.0788   0.00489   0.00053   0.0002  0.4192  0.2793  -0.4488   0.0000   0.2491
  -0.600  -0.0676   0.00488   0.00052   0.0002  0.4099  0.2889  -0.4313   0.0000   0.2492
  -0.550  -0.0620   0.00489   0.00053   0.0001  0.4031  0.2919  -0.4230   0.0000   0.2492
  -0.500  -0.0563   0.00489   0.00053   0.0001  0.3955  0.2997  -0.4152   0.0000   0.2492
  -0.450  -0.0507   0.00486   0.00051   0.0001  0.3932  0.3057  -0.4074   0.0000   0.2492
  -0.400  -0.0451   0.00485   0.00051   0.0001  0.3904  0.3104  -0.3995   0.0000   0.2492
  -0.350  -0.0394   0.00486   0.00051   0.0001  0.3857  0.3135  -0.3919   0.0000   0.2491
  -0.300  -0.0338   0.00488   0.00052   0.0001  0.3791  0.3155  -0.3848   0.0000   0.2492
  -0.250  -0.0282   0.00488   0.00052   0.0001  0.3716  0.3235  -0.3778   0.0000   0.2493
  -0.200  -0.0226   0.00485   0.00051   0.0001  0.3672  0.3310  -0.3708   0.0000   0.2494
  -0.150  -0.0169   0.00484   0.00050   0.0000  0.3650  0.3363  -0.3638   0.0000   0.2494
  -0.100  -0.0112   0.00484   0.00050   0.0000  0.3611  0.3393  -0.3572   0.0000   0.2490
  -0.050  -0.0056   0.00486   0.00051   0.0000  0.3548  0.3411  -0.3508   0.0000   0.2487
   0.000  -0.0000   0.00488   0.00052   0.0000  0.3472  0.3472  -0.3445   0.0000   0.4481
   0.050   0.0056   0.00486   0.00051  -0.0000  0.3411  0.3548  -0.3508   0.0000   0.2487
   0.100   0.0112   0.00484   0.00050  -0.0000  0.3393  0.3611  -0.3572   0.0000   0.2490
   0.150   0.0169   0.00484   0.00050  -0.0000  0.3363  0.3650  -0.3638   0.0000   0.2494
   0.200   0.0226   0.00485   0.00051  -0.0001  0.3310  0.3672  -0.3708   0.0000   0.2494
   0.250   0.0282   0.00488   0.00052  -0.0001  0.3235  0.3716  -0.3778   0.0000   0.2493
   0.300   0.0338   0.00488   0.00052  -0.0001  0.3155  0.3791  -0.3848   0.0000   0.2492
   0.350   0.0394   0.00486   0.00051  -0.0001  0.3135  0.3857  -0.3919   0.0000   0.2491
   0.400   0.0451   0.00485   0.00051  -0.0001  0.3104  0.3904  -0.3995   0.0000   0.2492
   0.450   0.0507   0.00486   0.00051  -0.0001  0.3057  0.3932  -0.4074   0.0000   0.2492
   0.500   0.0563   0.00489   0.00053  -0.0001  0.2997  0.3955  -0.4152   0.0000   0.2492
   0.550   0.0620   0.00489   0.00053  -0.0001  0.2919  0.4031  -0.4230   0.0000   0.2492
   0.600   0.0676   0.00488   0.00052  -0.0002  0.2889  0.4099  -0.4313   0.0000   0.2492
   0.650   0.0732   0.00487   0.00052  -0.0002  0.2855  0.4153  -0.4400   0.0000   0.2492
   0.700   0.0788   0.00489   0.00053  -0.0002  0.2793  0.4192  -0.4488   0.0000   0.2491
   0.750   0.0844   0.00491   0.00054  -0.0002  0.2715  0.4215  -0.4575   0.0000   0.2491
   0.800   0.0901   0.00492   0.00054  -0.0002  0.2658  0.4255  -0.4664   0.0000   0.2491
   0.850   0.0958   0.00491   0.00054  -0.0002  0.2645  0.4333  -0.4763   0.0000   0.2492
   0.900   0.1014   0.00489   0.00054  -0.0002  0.2623  0.4399  -0.4863   0.0000   0.2492
   0.950   0.1070   0.00490   0.00055  -0.0002  0.2579  0.4447  -0.4962   0.0000   0.2491
   1.000   0.1126   0.00492   0.00056  -0.0002  0.2507  0.4479  -0.5062   0.0000   0.2491
   1.050   0.1183   0.00494   0.00056  -0.0003  0.2423  0.4499  -0.5162   0.0000   0.2491
   1.100   0.1240   0.00495   0.00057  -0.0003  0.2399  0.4550  -0.5275   0.0000   0.2491
   1.150   0.1295   0.00495   0.00057  -0.0003  0.2353  0.4629  -0.5389   0.0000   0.2491
   1.200   0.1350   0.00496   0.00058  -0.0003  0.2289  0.4694  -0.5502   0.0000   0.2490
   1.250   0.1406   0.00497   0.00059  -0.0003  0.2229  0.4739  -0.5617   0.0000   0.2489
   1.300   0.1464   0.00497   0.00059  -0.0003  0.2192  0.4768  -0.5734   0.0000   0.2490
   1.350   0.1521   0.00498   0.00059  -0.0003  0.2176  0.4787  -0.5852   0.0000   0.2490
   1.400   0.1578   0.00499   0.00060  -0.0004  0.2144  0.4843  -0.5985   0.0000   0.2491
   1.450   0.1633   0.00500   0.00061  -0.0003  0.2076  0.4917  -0.6117   0.0000   0.2490
   1.500   0.1688   0.00501   0.00062  -0.0003  0.1988  0.4982  -0.6250   0.0000   0.2489
   1.550   0.1744   0.00501   0.00062  -0.0004  0.1958  0.5027  -0.6386   0.0000   0.2489
   1.600   0.1801   0.00503   0.00063  -0.0004  0.1917  0.5057  -0.6522   0.0000   0.2489
   1.650   0.1857   0.00506   0.00064  -0.0004  0.1857  0.5077  -0.6657   0.0000   0.2488
   1.700   0.1913   0.00508   0.00066  -0.0004  0.1801  0.5140  -0.6794   0.0000   0.2488
   1.750   0.1969   0.00507   0.00066  -0.0004  0.1764  0.5212  -0.6933   0.0000   0.2488
   1.800   0.2026   0.00506   0.00066  -0.0004  0.1751  0.5271  -0.7095   0.0000   0.2488
   1.850   0.2083   0.00506   0.00067  -0.0004  0.1731  0.5314  -0.7261   0.0000   0.2488
   1.900   0.2139   0.00508   0.00068  -0.0004  0.1686  0.5345  -0.7423   0.0000   0.2488
   1.950   0.2194   0.00512   0.00070  -0.0004  0.1610  0.5367  -0.7585   0.0000   0.2487
   2.000   0.2251   0.00513   0.00071  -0.0005  0.1557  0.5431  -0.7749   0.0000   0.2487
   2.050   0.2307   0.00513   0.00072  -0.0005  0.1524  0.5507  -0.7913   0.0000   0.2487
   2.100   0.2361   0.00516   0.00073  -0.0004  0.1458  0.5566  -0.8075   0.0000   0.2486
   2.150   0.2417   0.00517   0.00074  -0.0005  0.1391  0.5608  -0.8240   0.0000   0.2485
   2.200   0.2474   0.00518   0.00075  -0.0005  0.1369  0.5637  -0.8409   0.0000   0.2485
   2.250   0.2531   0.00519   0.00076  -0.0005  0.1354  0.5657  -0.8578   0.0000   0.2486
   2.300   0.2588   0.00520   0.00077  -0.0005  0.1330  0.5713  -0.8753   0.0000   0.2485
   2.350   0.2643   0.00521   0.00078  -0.0005  0.1291  0.5790  -0.8952   0.0000   0.2485
   2.400   0.2699   0.00522   0.00080  -0.0005  0.1248  0.5855  -0.9151   0.0000   0.2484
   2.450   0.2755   0.00523   0.00081  -0.0005  0.1201  0.5901  -0.9353   0.0000   0.2484
   2.500   0.2812   0.00523   0.00081  -0.0005  0.1188  0.5932  -0.9559   0.0000   0.2484
   2.550   0.2869   0.00525   0.00082  -0.0005  0.1173  0.5953  -0.9765   0.0000   0.2484
   2.600   0.2926   0.00526   0.00084  -0.0006  0.1148  0.6011  -0.9971   0.0000   0.2484
   2.650   0.2981   0.00527   0.00085  -0.0006  0.1112  0.6082  -1.0176   0.0000   0.2483
   2.700   0.3036   0.00528   0.00086  -0.0005  0.1072  0.6143  -1.0381   0.0000   0.2483
   2.750   0.3093   0.00529   0.00087  -0.0006  0.1031  0.6189  -1.0590   0.0000   0.2482
   2.800   0.3150   0.00530   0.00088  -0.0006  0.1020  0.6223  -1.0802   0.0000   0.2482
   2.850   0.3207   0.00531   0.00089  -0.0006  0.1007  0.6247  -1.1014   0.0000   0.2483
   2.900   0.3263   0.00532   0.00091  -0.0006  0.0984  0.6308  -1.1226   0.0000   0.2482
   2.950   0.3318   0.00534   0.00093  -0.0006  0.0947  0.6384  -1.1436   0.0000   0.2482
   3.000   0.3373   0.00535   0.00094  -0.0006  0.0897  0.6443  -1.1647   0.0000   0.2481
   3.050   0.3429   0.00536   0.00095  -0.0006  0.0865  0.6487  -1.1862   0.0000   0.2481
   3.100   0.3486   0.00538   0.00097  -0.0006  0.0845  0.6517  -1.2104   0.0000   0.2480
   3.150   0.3542   0.00541   0.00099  -0.0006  0.0807  0.6539  -1.2363   0.0000   0.2480
   3.200   0.3597   0.00544   0.00101  -0.0006  0.0770  0.6594  -1.2624   0.0000   0.2479
   3.250   0.3653   0.00544   0.00102  -0.0006  0.0736  0.6671  -1.2887   0.0000   0.2479
   3.300   0.3709   0.00544   0.00103  -0.0006  0.0722  0.6734  -1.3154   0.0000   0.2479
   3.350   0.3766   0.00544   0.00104  -0.0006  0.0714  0.6782  -1.3422   0.0000   0.2478
   3.400   0.3822   0.00546   0.00106  -0.0006  0.0701  0.6814  -1.3693   0.0000   0.2478
   3.500   0.3934   0.00550   0.00109  -0.0006  0.0658  0.6902  -1.4234   0.0000   0.2477
   3.550   0.3990   0.00551   0.00111  -0.0006  0.0633  0.6971  -1.4504   0.0000   0.2477
   3.600   0.4045   0.00552   0.00113  -0.0006  0.0599  0.7026  -1.4766   0.0000   0.2476
   3.650   0.4102   0.00552   0.00114  -0.0006  0.0589  0.7072  -1.5040   0.0000   0.2476
   3.700   0.4159   0.00554   0.00116  -0.0006  0.0582  0.7105  -1.5318   0.0000   0.2476
   3.800   0.4271   0.00557   0.00119  -0.0007  0.0557  0.7200  -1.5877   0.0000   0.2475
   3.850   0.4326   0.00558   0.00121  -0.0007  0.0539  0.7273  -1.6155   0.0000   0.2474
   3.900   0.4381   0.00559   0.00123  -0.0006  0.0520  0.7328  -1.6436   0.0000   0.2474
   3.950   0.4438   0.00561   0.00125  -0.0006  0.0499  0.7371  -1.6720   0.0000   0.2473
   4.000   0.4494   0.00562   0.00126  -0.0007  0.0478  0.7399  -1.7007   0.0000   0.2473
   4.050   0.4551   0.00563   0.00128  -0.0007  0.0470  0.7426  -1.7298   0.0000   0.2473
   4.100   0.4607   0.00564   0.00129  -0.0007  0.0466  0.7493  -1.7589   0.0000   0.2473
   4.150   0.4663   0.00564   0.00131  -0.0007  0.0460  0.7562  -1.7879   0.0000   0.2472
   4.200   0.4719   0.00565   0.00132  -0.0007  0.0452  0.7615  -1.8171   0.0000   0.2472
   4.250   0.4774   0.00566   0.00134  -0.0007  0.0440  0.7658  -1.8465   0.0000   0.2471
   4.300   0.4830   0.00569   0.00137  -0.0007  0.0425  0.7687  -1.8759   0.0000   0.2471
   4.350   0.4886   0.00572   0.00139  -0.0007  0.0406  0.7726  -1.9053   0.0000   0.2470
   4.400   0.4941   0.00573   0.00141  -0.0007  0.0385  0.7797  -1.9349   0.0000   0.2470
   4.450   0.4997   0.00574   0.00143  -0.0006  0.0365  0.7858  -1.9647   0.0000   0.2469
   4.500   0.5053   0.00574   0.00144  -0.0006  0.0361  0.7907  -1.9949   0.0000   0.2468
   4.550   0.5109   0.00576   0.00146  -0.0006  0.0357  0.7942  -2.0305   0.0000   0.2468
   4.600   0.5166   0.00577   0.00148  -0.0007  0.0352  0.7967  -2.0677   0.0000   0.2468
   4.650   0.5222   0.00579   0.00150  -0.0007  0.0346  0.8007  -2.1051   0.0000   0.2467
   4.700   0.5277   0.00580   0.00152  -0.0006  0.0337  0.8076  -2.1424   0.0000   0.2467
   4.750   0.5332   0.00582   0.00154  -0.0006  0.0328  0.8136  -2.1797   0.0000   0.2466
   4.800   0.5387   0.00584   0.00156  -0.0006  0.0318  0.8186  -2.2172   0.0000   0.2465
   4.850   0.5443   0.00586   0.00159  -0.0006  0.0308  0.8220  -2.2552   0.0000   0.2465
   4.900   0.5499   0.00588   0.00160  -0.0006  0.0297  0.8244  -2.2936   0.0000   0.2464
   4.950   0.5555   0.00589   0.00163  -0.0006  0.0286  0.8294  -2.3321   0.0000   0.2464
   5.000   0.5610   0.00590   0.00165  -0.0006  0.0276  0.8354  -2.3707   0.0000   0.2463
   5.050   0.5666   0.00591   0.00166  -0.0006  0.0269  0.8406  -2.4096   0.0000   0.2462
   5.100   0.5721   0.00592   0.00168  -0.0006  0.0268  0.8450  -2.4489   0.0000   0.2462
   5.150   0.5778   0.00593   0.00170  -0.0006  0.0267  0.8482  -2.4885   0.0000   0.2461
   5.200   0.5834   0.00595   0.00172  -0.0006  0.0265  0.8506  -2.5284   0.0000   0.2461
   5.250   0.5890   0.00596   0.00174  -0.0006  0.0263  0.8550  -2.5684   0.0000   0.2461
   5.300   0.5945   0.00597   0.00176  -0.0006  0.0260  0.8611  -2.6082   0.0000   0.2460
   5.350   0.6000   0.00598   0.00179  -0.0005  0.0254  0.8662  -2.6464   0.0000   0.2459
   5.400   0.6055   0.00600   0.00182  -0.0005  0.0248  0.8705  -2.6863   0.0000   0.2458
   5.450   0.6110   0.00603   0.00184  -0.0005  0.0242  0.8735  -2.7267   0.0000   0.2457
   5.500   0.6165   0.00606   0.00187  -0.0005  0.0235  0.8757  -2.7673   0.0000   0.2457
   5.550   0.6221   0.00608   0.00190  -0.0005  0.0228  0.8789  -2.8080   0.0000   0.2456
   5.600   0.6275   0.00610   0.00192  -0.0005  0.0221  0.8843  -2.8487   0.0000   0.2455
   5.650   0.6330   0.00612   0.00194  -0.0004  0.0214  0.8891  -2.8896   0.0000   0.2454
   5.700   0.6384   0.00613   0.00197  -0.0004  0.0207  0.8933  -2.9309   0.0000   0.2453
   5.750   0.6440   0.00615   0.00199  -0.0004  0.0199  0.8966  -2.9726   0.0000   0.2453
   5.800   0.6496   0.00617   0.00201  -0.0004  0.0193  0.8990  -3.0146   0.0000   0.2452
   5.850   0.6551   0.00619   0.00204  -0.0004  0.0188  0.9008  -3.0569   0.0000   0.2452
   5.900   0.6606   0.00621   0.00206  -0.0003  0.0188  0.9055  -3.0994   0.0000   0.2451
   5.950   0.6661   0.00622   0.00208  -0.0003  0.0188  0.9101  -3.1418   0.0000   0.2450
   6.000   0.6715   0.00623   0.00210  -0.0003  0.0187  0.9139  -3.1845   0.0000   0.2449
   6.050   0.6770   0.00624   0.00212  -0.0002  0.0187  0.9173  -3.2276   0.0000   0.2448
   6.100   0.6826   0.00626   0.00214  -0.0002  0.0186  0.9199  -3.2710   0.0000   0.2447
   6.150   0.6881   0.00628   0.00217  -0.0002  0.0185  0.9219  -3.3148   0.0000   0.2447
   6.200   0.6937   0.00631   0.00219  -0.0002  0.0184  0.9235  -3.3588   0.0000   0.2446
   6.250   0.6991   0.00632   0.00222  -0.0002  0.0182  0.9275  -3.4025   0.0000   0.2445
   6.300   0.7045   0.00634   0.00224  -0.0001  0.0181  0.9315  -3.4460   0.0000   0.2444
   6.350   0.7098   0.00636   0.00227  -0.0001  0.0178  0.9350  -3.4898   0.0000   0.2443
   6.400   0.7152   0.00638   0.00229  -0.0000  0.0175  0.9380  -3.5339   0.0000   0.2442
   6.450   0.7206   0.00641   0.00232   0.0000  0.0170  0.9404  -3.5783   0.0000   0.2441
   6.500   0.7260   0.00645   0.00236   0.0001  0.0165  0.9423  -3.6229   0.0000   0.2440
   6.550   0.7315   0.00649   0.00239   0.0001  0.0160  0.9438  -3.6676   0.0000   0.2439
   6.600   0.7369   0.00653   0.00242   0.0001  0.0154  0.9458  -3.7123   0.0000   0.2438
   6.650   0.7421   0.00656   0.00245   0.0002  0.0148  0.9492  -3.7564   0.0000   0.2437
   6.700   0.7473   0.00658   0.00248   0.0003  0.0141  0.9523  -3.8006   0.0000   0.2435
   6.750   0.7526   0.00661   0.00251   0.0004  0.0135  0.9551  -3.8451   0.0000   0.2433
   6.800   0.7579   0.00664   0.00254   0.0004  0.0129  0.9576  -3.8899   0.0000   0.2432
   6.850   0.7633   0.00667   0.00257   0.0005  0.0123  0.9596  -3.9347   0.0000   0.2431
   6.900   0.7688   0.00669   0.00260   0.0005  0.0121  0.9612  -3.9807   0.0000   0.2430
   6.950   0.7743   0.00672   0.00262   0.0005  0.0121  0.9625  -4.0277   0.0000   0.2430
   7.000   0.7798   0.00674   0.00265   0.0005  0.0121  0.9635  -4.0750   0.0000   0.2429
   7.050   0.7851   0.00676   0.00268   0.0006  0.0121  0.9660  -4.1228   0.0000   0.2428
   7.100   0.7902   0.00679   0.00271   0.0007  0.0121  0.9686  -4.1693   0.0000   0.2426
   7.150   0.7954   0.00681   0.00273   0.0008  0.0121  0.9708  -4.2161   0.0000   0.2424
   7.200   0.8007   0.00683   0.00276   0.0009  0.0121  0.9729  -4.2633   0.0000   0.2423
   7.250   0.8060   0.00686   0.00278   0.0009  0.0121  0.9747  -4.3109   0.0000   0.2422
   7.300   0.8114   0.00688   0.00281   0.0010  0.0121  0.9763  -4.3589   0.0000   0.2421
   7.350   0.8168   0.00691   0.00284   0.0010  0.0120  0.9776  -4.4073   0.0000   0.2420
   7.400   0.8222   0.00693   0.00286   0.0011  0.0120  0.9787  -4.4559   0.0000   0.2419
   7.450   0.8277   0.00696   0.00289   0.0011  0.0120  0.9796  -4.5049   0.0000   0.2419
   7.500   0.8332   0.00699   0.00292   0.0011  0.0120  0.9810  -4.5541   0.0000   0.2418
   7.550   0.8386   0.00701   0.00294   0.0011  0.0119  0.9825  -4.6035   0.0000   0.2417
   7.600   0.8441   0.00704   0.00297   0.0011  0.0119  0.9840  -4.6534   0.0000   0.2417
   7.650   0.8497   0.00707   0.00300   0.0011  0.0119  0.9853  -4.7037   0.0000   0.2416
   7.700   0.8553   0.00710   0.00303   0.0011  0.0118  0.9865  -4.7543   0.0000   0.2416
   7.750   0.8609   0.00713   0.00306   0.0011  0.0118  0.9877  -4.8050   0.0000   0.2415
   7.800   0.8664   0.00716   0.00309   0.0011  0.0117  0.9888  -4.8560   0.0000   0.2415
   7.850   0.8720   0.00719   0.00312   0.0011  0.0117  0.9898  -4.9070   0.0000   0.2414
   7.900   0.8775   0.00722   0.00315   0.0011  0.0116  0.9907  -4.9580   0.0000   0.2414
   7.950   0.8829   0.00725   0.00318   0.0012  0.0115  0.9915  -5.0091   0.0000   0.2413
   8.000   0.8882   0.00729   0.00321   0.0012  0.0114  0.9923  -5.0599   0.0000   0.2412
   8.050   0.8938   0.00732   0.00324   0.0012  0.0113  0.9929  -5.1117   0.0000   0.2412
   8.100   0.9000   0.00736   0.00328   0.0011  0.0111  0.9933  -5.1750   0.0000   0.2413
   8.150   0.9061   0.00740   0.00331   0.0009  0.0109  0.9937  -5.2401   0.0000   0.2414
   8.200   0.9122   0.00745   0.00335   0.0008  0.0106  0.9941  -5.3053   0.0000   0.2415
   8.250   0.9183   0.00750   0.00339   0.0006  0.0104  0.9945  -5.3707   0.0000   0.2416
   8.300   0.9244   0.00754   0.00344   0.0005  0.0101  0.9948  -5.4361   0.0000   0.2417
   8.350   0.9305   0.00759   0.00348   0.0004  0.0098  0.9952  -5.5017   0.0000   0.2418
   8.400   0.9365   0.00764   0.00352   0.0002  0.0095  0.9955  -5.5675   0.0000   0.2419
   8.450   0.9426   0.00769   0.00357   0.0001  0.0092  0.9959  -5.6334   0.0000   0.2420
   8.500   0.9486   0.00774   0.00361  -0.0000  0.0088  0.9962  -5.6995   0.0000   0.2421
   8.550   0.9546   0.00779   0.00365  -0.0001  0.0083  0.9966  -5.7656   0.0000   0.2421
   8.600   0.9606   0.00784   0.00370  -0.0003  0.0077  0.9969  -5.8308   0.0000   0.2422
   8.650   0.9665   0.00791   0.00377  -0.0003  0.0069  0.9972  -5.8923   0.0000   0.2422
   8.750   0.9786   0.00798   0.00385  -0.0006  0.0069  0.9977  -6.0295   0.0000   0.2423
   8.800   0.9846   0.00802   0.00388  -0.0007  0.0069  0.9979  -6.0981   0.0000   0.2424
   8.850   0.9906   0.00806   0.00392  -0.0008  0.0069  0.9981  -6.1670   0.0000   0.2424
   8.900   0.9966   0.00810   0.00396  -0.0009  0.0069  0.9983  -6.2361   0.0000   0.2425
   8.950   1.0026   0.00814   0.00400  -0.0010  0.0069  0.9985  -6.3055   0.0000   0.2425
   9.000   1.0086   0.00818   0.00404  -0.0012  0.0069  0.9987  -6.3751   0.0000   0.2426
   9.050   1.0146   0.00822   0.00408  -0.0013  0.0068  0.9989  -6.4450   0.0000   0.2426
   9.100   1.0206   0.00826   0.00411  -0.0014  0.0068  0.9990  -6.5153   0.0000   0.2427
   9.150   1.0265   0.00830   0.00415  -0.0015  0.0068  0.9992  -6.5858   0.0000   0.2427
   9.200   1.0325   0.00834   0.00419  -0.0016  0.0068  0.9994  -6.6566   0.0000   0.2427
   9.250   1.0385   0.00838   0.00423  -0.0017  0.0068  0.9995  -6.7276   0.0000   0.2428
   9.300   1.0444   0.00842   0.00427  -0.0018  0.0068  0.9996  -6.7990   0.0000   0.2428
   9.350   1.0504   0.00846   0.00431  -0.0019  0.0068  0.9997  -6.8707   0.0000   0.2428
   9.400   1.0563   0.00850   0.00435  -0.0020  0.0068  0.9998  -6.9428   0.0000   0.2428
   9.450   1.0623   0.00854   0.00439  -0.0021  0.0068  0.9999  -7.0151   0.0000   0.2429
   9.500   1.0682   0.00858   0.00443  -0.0022  0.0068  1.0000  -7.0874   0.0000   0.2429
   9.550   1.0731   0.00862   0.00447  -0.0021  0.0068  1.0000  -7.1539   0.0000   0.2427
   9.600   1.0780   0.00866   0.00451  -0.0020  0.0068  1.0000  -7.2207   0.0000   0.2425
   9.650   1.0830   0.00869   0.00455  -0.0019  0.0068  1.0000  -7.2879   0.0000   0.2423
   9.700   1.0879   0.00873   0.00459  -0.0017  0.0068  1.0000  -7.3555   0.0000   0.2421
   9.750   1.0929   0.00877   0.00463  -0.0016  0.0068  1.0000  -7.4233   0.0000   0.2420
   9.800   1.0978   0.00881   0.00467  -0.0015  0.0068  1.0000  -7.4915   0.0000   0.2418
   9.850   1.1028   0.00885   0.00471  -0.0014  0.0068  1.0000  -7.5601   0.0000   0.2416
   9.900   1.1079   0.00889   0.00475  -0.0013  0.0068  1.0000  -7.6291   0.0000   0.2415
   9.950   1.1129   0.00893   0.00479  -0.0012  0.0068  1.0000  -7.6985   0.0000   0.2413
  10.000   1.1179   0.00897   0.00483  -0.0011  0.0068  1.0000  -7.7684   0.0000   0.2412
  10.050   1.1230   0.00901   0.00487  -0.0010  0.0068  1.0000  -7.8386   0.0000   0.2410
  10.100   1.1281   0.00906   0.00491  -0.0009  0.0068  1.0000  -7.9092   0.0000   0.2409
  10.150   1.1332   0.00910   0.00495  -0.0009  0.0068  1.0000  -7.9803   0.0000   0.2407
  10.200   1.1384   0.00914   0.00500  -0.0008  0.0068  1.0000  -8.0517   0.0000   0.2406
  10.250   1.1435   0.00918   0.00504  -0.0007  0.0068  1.0000  -8.1234   0.0000   0.2405
  10.300   1.1487   0.00922   0.00508  -0.0007  0.0068  1.0000  -8.1955   0.0000   0.2403
  10.350   1.1538   0.00927   0.00512  -0.0006  0.0068  1.0000  -8.2679   0.0000   0.2402
  10.400   1.1590   0.00931   0.00517  -0.0005  0.0067  1.0000  -8.3403   0.0000   0.2401
  10.450   1.1642   0.00935   0.00521  -0.0005  0.0067  1.0000  -8.4133   0.0000   0.2399
  10.500   1.1693   0.00939   0.00526  -0.0004  0.0067  1.0000  -8.4866   0.0000   0.2398
  10.550   1.1745   0.00944   0.00530  -0.0004  0.0067  1.0000  -8.5603   0.0000   0.2397
  10.600   1.1797   0.00948   0.00534  -0.0003  0.0067  1.0000  -8.6343   0.0000   0.2396
  10.650   1.1849   0.00952   0.00539  -0.0002  0.0067  1.0000  -8.7085   0.0000   0.2395
  10.700   1.1901   0.00957   0.00543  -0.0002  0.0067  1.0000  -8.7831   0.0000   0.2394
  10.750   1.1953   0.00961   0.00548  -0.0001  0.0067  1.0000  -8.8580   0.0000   0.2392
  10.800   1.2004   0.00966   0.00552  -0.0001  0.0067  1.0000  -8.9331   0.0000   0.2391
  10.850   1.2056   0.00970   0.00557  -0.0000  0.0067  1.0000  -9.0085   0.0000   0.2390
  10.900   1.2108   0.00975   0.00561   0.0000  0.0067  1.0000  -9.0842   0.0000   0.2389
  10.950   1.2160   0.00979   0.00566   0.0001  0.0067  1.0000  -9.1602   0.0000   0.2388
  11.000   1.2212   0.00984   0.00571   0.0001  0.0067  1.0000  -9.2365   0.0000   0.2387
  11.050   1.2264   0.00988   0.00575   0.0002  0.0067  1.0000  -9.3130   0.0000   0.2385
  11.100   1.2316   0.00993   0.00580   0.0002  0.0067  1.0000  -9.3898   0.0000   0.2384
  11.150   1.2367   0.00998   0.00585   0.0003  0.0067  1.0000  -9.4669   0.0000   0.2383
  11.200   1.2419   0.01003   0.00590   0.0003  0.0066  1.0000  -9.5442   0.0000   0.2382
  11.250   1.2471   0.01007   0.00594   0.0004  0.0066  1.0000  -9.6217   0.0000   0.2381
  11.300   1.2523   0.01012   0.00599   0.0004  0.0066  1.0000  -9.6995   0.0000   0.2380
  11.350   1.2574   0.01017   0.00604   0.0005  0.0066  1.0000  -9.7776   0.0000   0.2379
  11.400   1.2626   0.01022   0.00609   0.0005  0.0066  1.0000  -9.8560   0.0000   0.2377
  11.450   1.2678   0.01026   0.00614   0.0006  0.0066  1.0000  -9.9345   0.0000   0.2376
  11.500   1.2729   0.01031   0.00619   0.0006  0.0066  1.0000  -10.0134   0.0000   0.2375
  11.550   1.2781   0.01036   0.00624   0.0007  0.0066  1.0000  -10.0924   0.0000   0.2374
  11.600   1.2832   0.01041   0.00629   0.0007  0.0066  1.0000  -10.1718   0.0000   0.2373
  11.650   1.2884   0.01046   0.00634   0.0008  0.0066  1.0000  -10.2513   0.0000   0.2372
  11.700   1.2935   0.01051   0.00639   0.0008  0.0065  1.0000  -10.3311   0.0000   0.2371
  11.750   1.2986   0.01056   0.00644   0.0009  0.0065  1.0000  -10.4112   0.0000   0.2370
  11.800   1.3038   0.01061   0.00649   0.0009  0.0065  1.0000  -10.4914   0.0000   0.2368
  11.850   1.3089   0.01066   0.00654   0.0010  0.0065  1.0000  -10.5720   0.0000   0.2367
  11.900   1.3140   0.01072   0.00660   0.0010  0.0065  1.0000  -10.6527   0.0000   0.2366
  11.950   1.3191   0.01077   0.00665   0.0011  0.0065  1.0000  -10.7337   0.0000   0.2365
  12.000   1.3242   0.01082   0.00670   0.0011  0.0065  1.0000  -10.8149   0.0000   0.2364
  12.050   1.3293   0.01087   0.00675   0.0012  0.0064  1.0000  -10.8963   0.0000   0.2363
  12.100   1.3344   0.01093   0.00681   0.0012  0.0064  1.0000  -10.9783   0.0000   0.2361
  12.150   1.3395   0.01098   0.00687   0.0013  0.0064  1.0000  -11.0603   0.0000   0.2360
  12.200   1.3446   0.01103   0.00692   0.0014  0.0064  1.0000  -11.1424   0.0000   0.2359
  12.250   1.3497   0.01109   0.00698   0.0014  0.0064  1.0000  -11.2247   0.0000   0.2358
  12.300   1.3548   0.01114   0.00703   0.0015  0.0063  1.0000  -11.3072   0.0000   0.2357
  12.350   1.3598   0.01120   0.00709   0.0015  0.0063  1.0000  -11.3899   0.0000   0.2355
  12.400   1.3649   0.01126   0.00715   0.0016  0.0063  1.0000  -11.4728   0.0000   0.2354
  12.450   1.3699   0.01131   0.00721   0.0017  0.0063  1.0000  -11.5559   0.0000   0.2353
  12.500   1.3749   0.01137   0.00726   0.0017  0.0062  1.0000  -11.6392   0.0000   0.2352
  12.550   1.3800   0.01143   0.00732   0.0018  0.0062  1.0000  -11.7227   0.0000   0.2351
  12.600   1.3850   0.01149   0.00738   0.0018  0.0062  1.0000  -11.8063   0.0000   0.2349
  12.650   1.3900   0.01155   0.00744   0.0019  0.0061  1.0000  -11.8900   0.0000   0.2348
  12.700   1.3949   0.01161   0.00750   0.0020  0.0061  1.0000  -11.9740   0.0000   0.2347
  12.750   1.3999   0.01168   0.00757   0.0020  0.0060  1.0000  -12.0580   0.0000   0.2346
  12.800   1.4049   0.01174   0.00763   0.0021  0.0060  1.0000  -12.1422   0.0000   0.2344
  12.850   1.4098   0.01181   0.00770   0.0022  0.0059  1.0000  -12.2264   0.0000   0.2343
  12.900   1.4147   0.01188   0.00777   0.0023  0.0058  1.0000  -12.3106   0.0000   0.2342
  12.950   1.4196   0.01195   0.00783   0.0023  0.0058  1.0000  -12.3949   0.0000   0.2340
  13.000   1.4245   0.01202   0.00791   0.0024  0.0057  1.0000  -12.4792   0.0000   0.2339
  13.050   1.4293   0.01209   0.00798   0.0025  0.0056  1.0000  -12.5635   0.0000   0.2338
  13.100   1.4341   0.01217   0.00805   0.0026  0.0055  1.0000  -12.6478   0.0000   0.2336
  13.150   1.4389   0.01225   0.00813   0.0027  0.0054  1.0000  -12.7321   0.0000   0.2335
  13.200   1.4437   0.01232   0.00821   0.0028  0.0054  1.0000  -12.8164   0.0000   0.2333
  13.250   1.4485   0.01240   0.00828   0.0028  0.0053  1.0000  -12.9007   0.0000   0.2332
  13.300   1.4533   0.01248   0.00836   0.0029  0.0052  1.0000  -12.9851   0.0000   0.2331
  13.350   1.4580   0.01257   0.00845   0.0030  0.0051  1.0000  -13.0694   0.0000   0.2329
  13.400   1.4628   0.01265   0.00853   0.0031  0.0050  1.0000  -13.1538   0.0000   0.2328
  13.450   1.4675   0.01273   0.00861   0.0032  0.0049  1.0000  -13.2383   0.0000   0.2326
  13.500   1.4722   0.01282   0.00869   0.0033  0.0048  1.0000  -13.3228   0.0000   0.2325
  13.550   1.4769   0.01290   0.00878   0.0034  0.0047  1.0000  -13.4074   0.0000   0.2323
  13.600   1.4816   0.01298   0.00886   0.0035  0.0046  1.0000  -13.4921   0.0000   0.2322
  13.650   1.4863   0.01307   0.00894   0.0036  0.0045  1.0000  -13.5768   0.0000   0.2320
  13.700   1.4910   0.01315   0.00903   0.0037  0.0044  1.0000  -13.6615   0.0000   0.2319
  13.750   1.4957   0.01323   0.00911   0.0038  0.0043  1.0000  -13.7462   0.0000   0.2317
  13.800   1.5004   0.01332   0.00919   0.0039  0.0042  1.0000  -13.8308   0.0000   0.2316
  13.850   1.5050   0.01340   0.00929   0.0040  0.0040  1.0000  -13.9141   0.0000   0.2314
  13.900   1.5096   0.01349   0.00937   0.0041  0.0038  1.0000  -13.9971   0.0000   0.2313
  13.950   1.5142   0.01359   0.00947   0.0043  0.0036  1.0000  -14.0777   0.0000   0.2311
  14.050   1.5227   0.01385   0.00976   0.0046  0.0031  1.0000  -14.2119   0.0000   0.2307
  14.100   1.5274   0.01393   0.00984   0.0047  0.0031  1.0000  -14.2989   0.0000   0.2306
  14.150   1.5321   0.01400   0.00992   0.0048  0.0031  1.0000  -14.3861   0.0000   0.2305
  14.200   1.5368   0.01408   0.01000   0.0049  0.0031  1.0000  -14.4734   0.0000   0.2303
  14.250   1.5414   0.01416   0.01008   0.0050  0.0031  1.0000  -14.5608   0.0000   0.2302
  14.300   1.5460   0.01424   0.01017   0.0051  0.0031  1.0000  -14.6484   0.0000   0.2300
  14.350   1.5507   0.01432   0.01025   0.0052  0.0031  1.0000  -14.7360   0.0000   0.2299
  14.400   1.5553   0.01440   0.01033   0.0053  0.0031  1.0000  -14.8237   0.0000   0.2297
  14.450   1.5599   0.01448   0.01042   0.0054  0.0031  1.0000  -14.9115   0.0000   0.2296
  14.500   1.5645   0.01456   0.01051   0.0056  0.0031  1.0000  -14.9994   0.0000   0.2294
  14.550   1.5690   0.01464   0.01059   0.0057  0.0031  1.0000  -15.0874   0.0000   0.2292
  14.600   1.5736   0.01473   0.01068   0.0058  0.0031  1.0000  -15.1755   0.0000   0.2291
  14.650   1.5781   0.01481   0.01077   0.0059  0.0031  1.0000  -15.2636   0.0000   0.2289
  14.700   1.5827   0.01489   0.01086   0.0060  0.0031  1.0000  -15.3519   0.0000   0.2288
  14.750   1.5872   0.01498   0.01094   0.0061  0.0031  1.0000  -15.4402   0.0000   0.2286
  14.800   1.5917   0.01506   0.01104   0.0063  0.0031  1.0000  -15.5285   0.0000   0.2285
  14.850   1.5962   0.01515   0.01113   0.0064  0.0031  1.0000  -15.6171   0.0000   0.2283
  14.900   1.6006   0.01524   0.01122   0.0065  0.0031  1.0000  -15.7059   0.0000   0.2281
  14.950   1.6051   0.01532   0.01131   0.0066  0.0031  1.0000  -15.7950   0.0000   0.2280
  15.000   1.6095   0.01541   0.01140   0.0067  0.0031  1.0000  -15.8843   0.0000   0.2278


