  -5.000   0.5634   0.00808   0.00404  -0.2037  0.8583  0.2337  -1.1734   0.0000   0.6168
  -4.750   0.5952   0.00773   0.00376  -0.2045  0.8577  0.2638  -1.1914   0.0000   0.5982
  -4.500   0.6274   0.00733   0.00346  -0.2054  0.8567  0.2985  -1.2115   0.0000   0.5815
  -4.250   0.6595   0.00682   0.00313  -0.2063  0.8549  0.3698  -1.2333   0.0000   0.5665
  -4.000   0.6911   0.00642   0.00286  -0.2070  0.8524  0.4219  -1.2541   0.0000   0.5528
  -3.750   0.7221   0.00613   0.00266  -0.2076  0.8497  0.4606  -1.2719   0.0000   0.5404
  -3.500   0.7534   0.00586   0.00244  -0.2082  0.8465  0.4875  -1.2908   0.0000   0.5289
  -3.250   0.7854   0.00554   0.00215  -0.2089  0.8418  0.5123  -1.3147   0.0000   0.5181
  -3.000   0.8162   0.00528   0.00189  -0.2094  0.8361  0.5341  -1.3377   0.0000   0.5083
  -2.750   0.8450   0.00517   0.00184  -0.2095  0.8304  0.5507  -1.3504   0.0000   0.4994
  -2.500   0.8157   0.00620   0.00226  -0.1969  0.6798  0.5583  -1.3515   0.0000   0.4925
  -2.250   0.7970   0.00721   0.00305  -0.1871  0.6244  0.5664  -1.2931   0.0000   0.4856
  -2.000   0.8018   0.00797   0.00367  -0.1824  0.5838  0.5776  -1.2580   0.0000   0.4781
  -1.750   0.8128   0.00858   0.00418  -0.1791  0.5505  0.5913  -1.2306   0.0000   0.4706
  -1.500   0.8281   0.00907   0.00454  -0.1766  0.5210  0.6006  -1.2099   0.0000   0.4632
  -1.250   0.8457   0.00949   0.00489  -0.1746  0.4951  0.6146  -1.1927   0.0000   0.4561
  -1.000   0.8650   0.00984   0.00516  -0.1729  0.4720  0.6261  -1.1789   0.0000   0.4492
  -0.750   0.8850   0.01017   0.00539  -0.1713  0.4490  0.6353  -1.1659   0.0000   0.4426
  -0.500   0.9073   0.01040   0.00559  -0.1702  0.4332  0.6470  -1.1580   0.0000   0.4363
  -0.250   0.9294   0.01064   0.00577  -0.1690  0.4163  0.6563  -1.1494   0.0000   0.4303
   0.000   0.9517   0.01089   0.00595  -0.1678  0.4010  0.6649  -1.1410   0.0000   0.4246
   0.250   0.9752   0.01108   0.00613  -0.1669  0.3881  0.6760  -1.1600   0.0000   0.4191
   0.500   0.9980   0.01132   0.00631  -0.1659  0.3749  0.6846  -1.2070   0.0000   0.4139
   0.750   1.0216   0.01152   0.00648  -0.1650  0.3628  0.6902  -1.2666   0.0000   0.4089
   1.000   1.0453   0.01172   0.00667  -0.1641  0.3522  0.6993  -1.3360   0.0000   0.4042
   1.250   1.0685   0.01195   0.00685  -0.1631  0.3389  0.7053  -1.4113   0.0000   0.3996
   1.500   1.0928   0.01212   0.00702  -0.1624  0.3315  0.7103  -1.4977   0.0000   0.3952
   1.750   1.1160   0.01236   0.00718  -0.1614  0.3197  0.7142  -1.5857   0.0000   0.3910
   2.000   1.1401   0.01255   0.00735  -0.1606  0.3100  0.7171  -1.6881   0.0000   0.3870
   2.250   1.1638   0.01276   0.00752  -0.1598  0.2988  0.7203  -1.7917   0.0000   0.3831
   2.500   1.1869   0.01299   0.00771  -0.1588  0.2839  0.7261  -1.8960   0.0000   0.3793
   2.750   1.2091   0.01329   0.00792  -0.1577  0.2629  0.7303  -2.0053   0.0000   0.3757
   3.000   1.2318   0.01358   0.00813  -0.1566  0.2464  0.7338  -2.1303   0.0000   0.3721
   3.250   1.2542   0.01388   0.00835  -0.1556  0.2272  0.7369  -2.2571   0.0000   0.3687
   3.500   1.2755   0.01430   0.00861  -0.1543  0.2004  0.7400  -2.3830   0.0000   0.3654
   3.750   1.2967   0.01473   0.00889  -0.1530  0.1729  0.7428  -2.5110   0.0000   0.3621
   4.000   1.3183   0.01514   0.00917  -0.1519  0.1512  0.7450  -2.6423   0.0000   0.3590
   4.250   1.3398   0.01557   0.00948  -0.1507  0.1305  0.7465  -2.7754   0.0000   0.3560
   4.500   1.3611   0.01602   0.00983  -0.1495  0.1117  0.7481  -2.9160   0.0000   0.3530
   4.750   1.3825   0.01644   0.01016  -0.1483  0.0956  0.7522  -3.0774   0.0000   0.3502
   5.000   1.4034   0.01689   0.01053  -0.1470  0.0815  0.7549  -3.2403   0.0000   0.3474
   5.250   1.4239   0.01737   0.01092  -0.1457  0.0686  0.7569  -3.4045   0.0000   0.3446
   5.500   1.4440   0.01785   0.01133  -0.1443  0.0579  0.7589  -3.5703   0.0000   0.3419
   5.750   1.4648   0.01824   0.01171  -0.1430  0.0526  0.7609  -3.7420   0.0000   0.3392
   6.000   1.4847   0.01871   0.01213  -0.1416  0.0452  0.7628  -3.9127   0.0000   0.3366
   6.250   1.5051   0.01911   0.01253  -0.1402  0.0420  0.7647  -4.0889   0.0000   0.3341
   6.500   1.5239   0.01963   0.01302  -0.1386  0.0370  0.7666  -4.2596   0.0000   0.3316
   6.750   1.5432   0.02007   0.01348  -0.1371  0.0341  0.7686  -4.4364   0.0000   0.3291
   7.000   1.5621   0.02054   0.01395  -0.1356  0.0319  0.7704  -4.6153   0.0000   0.3267
   7.250   1.5800   0.02109   0.01447  -0.1339  0.0288  0.7719  -4.7920   0.0000   0.3243
   7.500   1.5976   0.02166   0.01505  -0.1321  0.0255  0.7731  -4.9672   0.0000   0.3219
   7.750   1.6166   0.02209   0.01551  -0.1306  0.0249  0.7743  -5.1555   0.0000   0.3196
   8.000   1.6349   0.02259   0.01603  -0.1290  0.0239  0.7751  -5.3424   0.0000   0.3173
   8.250   1.6518   0.02315   0.01658  -0.1272  0.0223  0.7758  -5.5266   0.0000   0.3150
   8.500   1.6678   0.02377   0.01720  -0.1252  0.0199  0.7772  -5.7112   0.0000   0.3128
   8.750   1.6825   0.02448   0.01796  -0.1231  0.0176  0.7790  -5.9114   0.0000   0.3104
   9.000   1.6998   0.02497   0.01849  -0.1215  0.0175  0.7807  -6.1366   0.0000   0.3083
   9.250   1.7153   0.02556   0.01911  -0.1195  0.0172  0.7823  -6.3558   0.0000   0.3061
   9.500   1.7300   0.02619   0.01979  -0.1175  0.0168  0.7838  -6.5733   0.0000   0.3040
   9.750   1.7445   0.02686   0.02050  -0.1155  0.0162  0.7851  -6.7928   0.0000   0.3018
  10.000   1.7588   0.02756   0.02123  -0.1134  0.0156  0.7865  -7.0134   0.0000   0.2997
  10.250   1.7726   0.02831   0.02200  -0.1114  0.0150  0.7878  -7.2337   0.0000   0.2976
  10.500   1.7856   0.02911   0.02283  -0.1092  0.0143  0.7893  -7.4535   0.0000   0.2955
  10.750   1.7973   0.02998   0.02374  -0.1069  0.0134  0.7909  -7.6660   0.0000   0.2934
  11.000   1.8064   0.03103   0.02485  -0.1042  0.0124  0.7924  -7.8606   0.0000   0.2912
  11.250   1.8067   0.03268   0.02663  -0.1004  0.0112  0.7936  -7.9950   0.0000   0.2886
  11.500   1.8187   0.03355   0.02754  -0.0983  0.0111  0.7948  -8.2203   0.0000   0.2866
  11.750   1.8309   0.03444   0.02846  -0.0964  0.0110  0.7960  -8.4490   0.0000   0.2847
  12.000   1.8428   0.03536   0.02943  -0.0944  0.0109  0.7970  -8.6775   0.0000   0.2828
  12.250   1.8539   0.03636   0.03048  -0.0923  0.0108  0.7980  -8.9029   0.0000   0.2809
  12.500   1.8638   0.03746   0.03163  -0.0902  0.0106  0.7990  -9.1224   0.0000   0.2791
  12.750   1.8704   0.03880   0.03304  -0.0878  0.0104  0.8000  -9.3224   0.0000   0.2771
  13.000   1.8753   0.04030   0.03460  -0.0853  0.0102  0.8008  -9.5138   0.0000   0.2751
  13.250   1.8809   0.04180   0.03618  -0.0830  0.0100  0.8015  -9.7098   0.0000   0.2732
  13.500   1.8835   0.04356   0.03801  -0.0805  0.0099  0.8021  -9.8878   0.0000   0.2713
  13.750   1.8860   0.04540   0.03992  -0.0782  0.0097  0.8025  -10.0658   0.0000   0.2695
  14.000   1.8863   0.04755   0.04214  -0.0759  0.0095  0.8029  -10.2293   0.0000   0.2677
  14.250   1.8866   0.04986   0.04453  -0.0739  0.0094  0.8032  -10.3922   0.0000   0.2661
  14.500   1.8858   0.05242   0.04717  -0.0722  0.0092  0.8035  -10.5476   0.0000   0.2646
  14.750   1.8844   0.05521   0.05005  -0.0708  0.0091  0.8037  -10.6975   0.0000   0.2633
  15.000   1.8820   0.05826   0.05319  -0.0696  0.0089  0.8039  -10.8389   0.0000   0.2621


