  -5.000  -0.5594   0.00777   0.00258  -0.0000  0.9932  0.0582  -2.3518   0.0000   0.2452
  -4.900  -0.5456   0.00768   0.00251  -0.0006  0.9928  0.0626  -2.2667   0.0000   0.2441
  -4.850  -0.5396   0.00762   0.00247  -0.0008  0.9922  0.0655  -2.2276   0.0000   0.2439
  -4.800  -0.5334   0.00756   0.00243  -0.0009  0.9916  0.0680  -2.1880   0.0000   0.2436
  -4.750  -0.5271   0.00752   0.00240  -0.0011  0.9911  0.0702  -2.1482   0.0000   0.2433
  -4.700  -0.5206   0.00748   0.00237  -0.0013  0.9905  0.0720  -2.1083   0.0000   0.2430
  -4.650  -0.5142   0.00743   0.00233  -0.0015  0.9899  0.0747  -2.0685   0.0000   0.2426
  -4.600  -0.5078   0.00737   0.00229  -0.0017  0.9894  0.0786  -2.0294   0.0000   0.2422
  -4.550  -0.5013   0.00731   0.00226  -0.0019  0.9888  0.0819  -1.9919   0.0000   0.2417
  -4.500  -0.4948   0.00727   0.00223  -0.0021  0.9882  0.0847  -1.9596   0.0000   0.2413
  -4.450  -0.4883   0.00723   0.00220  -0.0023  0.9875  0.0868  -1.9275   0.0000   0.2408
  -4.400  -0.4819   0.00718   0.00216  -0.0025  0.9868  0.0911  -1.8959   0.0000   0.2404
  -4.350  -0.4756   0.00711   0.00212  -0.0027  0.9860  0.0954  -1.8646   0.0000   0.2399
  -4.300  -0.4692   0.00706   0.00209  -0.0029  0.9853  0.0991  -1.8332   0.0000   0.2394
  -4.250  -0.4627   0.00702   0.00206  -0.0031  0.9846  0.1019  -1.8019   0.0000   0.2390
  -4.200  -0.4563   0.00697   0.00203  -0.0033  0.9838  0.1062  -1.7710   0.0000   0.2385
  -4.150  -0.4499   0.00690   0.00199  -0.0035  0.9831  0.1114  -1.7402   0.0000   0.2379
  -4.100  -0.4434   0.00685   0.00196  -0.0037  0.9824  0.1157  -1.7092   0.0000   0.2373
  -4.050  -0.4367   0.00681   0.00194  -0.0040  0.9817  0.1191  -1.6782   0.0000   0.2367
  -4.000  -0.4302   0.00675   0.00190  -0.0042  0.9809  0.1257  -1.6478   0.0000   0.2360
  -3.950  -0.4238   0.00668   0.00187  -0.0044  0.9802  0.1321  -1.6175   0.0000   0.2354
  -3.900  -0.4182   0.00664   0.00184  -0.0044  0.9789  0.1367  -1.5896   0.0000   0.2353
  -3.850  -0.4131   0.00658   0.00181  -0.0043  0.9772  0.1433  -1.5633   0.0000   0.2354
  -3.800  -0.4079   0.00651   0.00178  -0.0042  0.9755  0.1501  -1.5368   0.0000   0.2355
  -3.750  -0.4024   0.00647   0.00175  -0.0042  0.9739  0.1551  -1.5097   0.0000   0.2354
  -3.700  -0.3968   0.00641   0.00172  -0.0042  0.9722  0.1613  -1.4826   0.0000   0.2353
  -3.650  -0.3911   0.00635   0.00167  -0.0043  0.9706  0.1677  -1.4578   0.0000   0.2350
  -3.600  -0.3853   0.00631   0.00165  -0.0043  0.9690  0.1729  -1.4301   0.0000   0.2348
  -3.500  -0.3737   0.00621   0.00160  -0.0044  0.9658  0.1843  -1.3751   0.0000   0.2342
  -3.450  -0.3679   0.00616   0.00157  -0.0044  0.9643  0.1906  -1.3480   0.0000   0.2340
  -3.400  -0.3625   0.00612   0.00154  -0.0044  0.9625  0.1954  -1.3217   0.0000   0.2339
  -3.350  -0.3572   0.00609   0.00152  -0.0043  0.9605  0.2003  -1.2961   0.0000   0.2340
  -3.300  -0.3521   0.00603   0.00150  -0.0042  0.9583  0.2076  -1.2709   0.0000   0.2341
  -3.250  -0.3469   0.00598   0.00147  -0.0041  0.9560  0.2141  -1.2455   0.0000   0.2342
  -3.200  -0.3415   0.00594   0.00145  -0.0041  0.9536  0.2192  -1.2200   0.0000   0.2342
  -3.150  -0.3364   0.00588   0.00142  -0.0040  0.9511  0.2282  -1.1955   0.0000   0.2343
  -3.100  -0.3312   0.00583   0.00140  -0.0039  0.9486  0.2362  -1.1748   0.0000   0.2344
  -3.050  -0.3259   0.00580   0.00138  -0.0038  0.9461  0.2419  -1.1539   0.0000   0.2345
  -3.000  -0.3207   0.00574   0.00135  -0.0037  0.9438  0.2509  -1.1336   0.0000   0.2346
  -2.950  -0.3155   0.00569   0.00133  -0.0036  0.9415  0.2586  -1.1131   0.0000   0.2347
  -2.900  -0.3101   0.00565   0.00131  -0.0036  0.9389  0.2641  -1.0925   0.0000   0.2347
  -2.850  -0.3049   0.00562   0.00129  -0.0035  0.9360  0.2703  -1.0721   0.0000   0.2348
  -2.800  -0.2997   0.00557   0.00127  -0.0034  0.9330  0.2776  -1.0522   0.0000   0.2350
  -2.750  -0.2945   0.00553   0.00125  -0.0033  0.9298  0.2837  -1.0321   0.0000   0.2351
  -2.700  -0.2893   0.00551   0.00123  -0.0032  0.9266  0.2886  -1.0121   0.0000   0.2353
  -2.650  -0.2842   0.00548   0.00121  -0.0031  0.9235  0.2956  -0.9923   0.0000   0.2356
  -2.600  -0.2789   0.00542   0.00119  -0.0030  0.9208  0.3045  -0.9725   0.0000   0.2356
  -2.550  -0.2736   0.00539   0.00117  -0.0029  0.9178  0.3117  -0.9526   0.0000   0.2356
  -2.500  -0.2682   0.00536   0.00115  -0.0029  0.9144  0.3182  -0.9327   0.0000   0.2357
  -2.450  -0.2631   0.00530   0.00113  -0.0028  0.9109  0.3276  -0.9134   0.0000   0.2359
  -2.400  -0.2579   0.00527   0.00112  -0.0027  0.9071  0.3349  -0.8941   0.0000   0.2361
  -2.350  -0.2527   0.00525   0.00110  -0.0026  0.9033  0.3400  -0.8757   0.0000   0.2363
  -2.300  -0.2475   0.00523   0.00108  -0.0025  0.8998  0.3466  -0.8594   0.0000   0.2364
  -2.250  -0.2421   0.00518   0.00107  -0.0024  0.8966  0.3539  -0.8431   0.0000   0.2364
  -2.200  -0.2367   0.00515   0.00105  -0.0024  0.8928  0.3608  -0.8267   0.0000   0.2365
  -2.150  -0.2314   0.00513   0.00104  -0.0023  0.8887  0.3664  -0.8104   0.0000   0.2365
  -2.100  -0.2261   0.00510   0.00102  -0.0022  0.8845  0.3744  -0.7945   0.0000   0.2367
  -2.050  -0.2210   0.00507   0.00100  -0.0021  0.8802  0.3831  -0.7787   0.0000   0.2370
  -2.000  -0.2158   0.00505   0.00099  -0.0020  0.8761  0.3900  -0.7628   0.0000   0.2372
  -1.900  -0.2049   0.00499   0.00096  -0.0019  0.8685  0.4032  -0.7306   0.0000   0.2371
  -1.850  -0.1996   0.00496   0.00095  -0.0019  0.8638  0.4107  -0.7146   0.0000   0.2372
  -1.800  -0.1943   0.00494   0.00093  -0.0018  0.8588  0.4172  -0.6986   0.0000   0.2374
  -1.750  -0.1890   0.00494   0.00091  -0.0017  0.8538  0.4222  -0.6851   0.0000   0.2376
  -1.700  -0.1837   0.00491   0.00090  -0.0016  0.8497  0.4310  -0.6718   0.0000   0.2377
  -1.650  -0.1783   0.00487   0.00089  -0.0016  0.8458  0.4391  -0.6583   0.0000   0.2377
  -1.600  -0.1729   0.00486   0.00088  -0.0016  0.8412  0.4456  -0.6449   0.0000   0.2377
  -1.550  -0.1674   0.00485   0.00087  -0.0015  0.8360  0.4504  -0.6315   0.0000   0.2377
  -1.500  -0.1622   0.00483   0.00085  -0.0014  0.8305  0.4587  -0.6185   0.0000   0.2380
  -1.450  -0.1570   0.00481   0.00084  -0.0013  0.8250  0.4665  -0.6055   0.0000   0.2383
  -1.400  -0.1515   0.00479   0.00083  -0.0013  0.8209  0.4732  -0.5922   0.0000   0.2382
  -1.350  -0.1460   0.00478   0.00083  -0.0013  0.8161  0.4784  -0.5803   0.0000   0.2381
  -1.300  -0.1406   0.00476   0.00082  -0.0012  0.8107  0.4862  -0.5690   0.0000   0.2381
  -1.250  -0.1354   0.00474   0.00081  -0.0011  0.8051  0.4940  -0.5578   0.0000   0.2384
  -1.200  -0.1301   0.00473   0.00080  -0.0011  0.7993  0.5008  -0.5466   0.0000   0.2386
  -1.150  -0.1246   0.00473   0.00079  -0.0010  0.7948  0.5063  -0.5351   0.0000   0.2385
  -1.100  -0.1191   0.00471   0.00078  -0.0010  0.7898  0.5134  -0.5238   0.0000   0.2384
  -1.050  -0.1138   0.00468   0.00077  -0.0009  0.7840  0.5213  -0.5137   0.0000   0.2385
  -1.000  -0.1084   0.00467   0.00077  -0.0009  0.7778  0.5281  -0.5038   0.0000   0.2387
  -0.950  -0.1031   0.00468   0.00076  -0.0008  0.7715  0.5338  -0.4940   0.0000   0.2390
  -0.900  -0.0976   0.00467   0.00075  -0.0008  0.7669  0.5398  -0.4841   0.0000   0.2388
  -0.850  -0.0922   0.00464   0.00075  -0.0007  0.7620  0.5481  -0.4744   0.0000   0.2388
  -0.800  -0.0867   0.00463   0.00074  -0.0007  0.7562  0.5554  -0.4652   0.0000   0.2388
  -0.750  -0.0813   0.00463   0.00074  -0.0006  0.7497  0.5614  -0.4565   0.0000   0.2389
  -0.700  -0.0760   0.00465   0.00073  -0.0006  0.7428  0.5660  -0.4478   0.0000   0.2391
  -0.650  -0.0705   0.00462   0.00073  -0.0005  0.7380  0.5740  -0.4392   0.0000   0.2391
  -0.600  -0.0651   0.00460   0.00072  -0.0005  0.7326  0.5816  -0.4306   0.0000   0.2391
  -0.550  -0.0597   0.00460   0.00072  -0.0005  0.7266  0.5884  -0.4228   0.0000   0.2390
  -0.500  -0.0542   0.00460   0.00072  -0.0004  0.7201  0.5937  -0.4150   0.0000   0.2391
  -0.450  -0.0489   0.00461   0.00071  -0.0004  0.7132  0.5999  -0.4074   0.0000   0.2394
  -0.400  -0.0435   0.00459   0.00071  -0.0003  0.7085  0.6074  -0.3997   0.0000   0.2393
  -0.350  -0.0380   0.00458   0.00071  -0.0003  0.7027  0.6143  -0.3923   0.0000   0.2392
  -0.300  -0.0325   0.00458   0.00071  -0.0003  0.6961  0.6204  -0.3853   0.0000   0.2390
  -0.200  -0.0218   0.00459   0.00070  -0.0002  0.6827  0.6331  -0.3716   0.0000   0.2399
  -0.150  -0.0163   0.00457   0.00070  -0.0001  0.6780  0.6402  -0.3646   0.0000   0.2396
  -0.100  -0.0108   0.00456   0.00070  -0.0001  0.6720  0.6464  -0.3583   0.0000   0.2388
  -0.050  -0.0054   0.00458   0.00070  -0.0001  0.6650  0.6518  -0.3520   0.0000   0.2371
   0.000  -0.0000   0.00459   0.00070   0.0000  0.6574  0.6574  -0.3458   0.0000   0.4511
   0.050   0.0054   0.00458   0.00070   0.0001  0.6518  0.6650  -0.3520   0.0000   0.2371
   0.100   0.0108   0.00456   0.00070   0.0001  0.6464  0.6720  -0.3583   0.0000   0.2388
   0.150   0.0163   0.00457   0.00070   0.0001  0.6402  0.6780  -0.3646   0.0000   0.2396
   0.200   0.0218   0.00459   0.00070   0.0002  0.6331  0.6827  -0.3716   0.0000   0.2399
   0.250   0.0271   0.00459   0.00071   0.0002  0.6254  0.6890  -0.3784   0.0000   0.2391
   0.300   0.0325   0.00458   0.00071   0.0003  0.6204  0.6961  -0.3853   0.0000   0.2390
   0.350   0.0380   0.00458   0.00071   0.0003  0.6143  0.7027  -0.3923   0.0000   0.2392
   0.400   0.0435   0.00459   0.00071   0.0003  0.6074  0.7085  -0.3997   0.0000   0.2393
   0.500   0.0542   0.00460   0.00072   0.0004  0.5937  0.7201  -0.4150   0.0000   0.2391
   0.550   0.0597   0.00460   0.00072   0.0005  0.5884  0.7266  -0.4228   0.0000   0.2390
   0.600   0.0651   0.00460   0.00072   0.0005  0.5816  0.7326  -0.4306   0.0000   0.2391
   0.650   0.0705   0.00462   0.00073   0.0005  0.5740  0.7380  -0.4392   0.0000   0.2391
   0.700   0.0760   0.00465   0.00073   0.0006  0.5660  0.7428  -0.4478   0.0000   0.2391
   0.750   0.0813   0.00463   0.00074   0.0006  0.5614  0.7497  -0.4565   0.0000   0.2389
   0.800   0.0868   0.00463   0.00074   0.0007  0.5554  0.7562  -0.4652   0.0000   0.2388
   0.850   0.0922   0.00464   0.00075   0.0007  0.5481  0.7620  -0.4744   0.0000   0.2388
   0.900   0.0976   0.00467   0.00075   0.0008  0.5398  0.7669  -0.4841   0.0000   0.2388
   0.950   0.1031   0.00468   0.00076   0.0008  0.5338  0.7715  -0.4940   0.0000   0.2390
   1.000   0.1084   0.00467   0.00077   0.0009  0.5281  0.7778  -0.5038   0.0000   0.2387
   1.050   0.1138   0.00468   0.00077   0.0009  0.5213  0.7840  -0.5137   0.0000   0.2385
   1.100   0.1191   0.00471   0.00078   0.0010  0.5134  0.7898  -0.5238   0.0000   0.2384
   1.150   0.1246   0.00473   0.00079   0.0010  0.5063  0.7948  -0.5351   0.0000   0.2385
   1.200   0.1301   0.00473   0.00080   0.0011  0.5008  0.7993  -0.5466   0.0000   0.2387
   1.250   0.1354   0.00474   0.00081   0.0011  0.4940  0.8051  -0.5578   0.0000   0.2384
   1.300   0.1406   0.00476   0.00082   0.0012  0.4862  0.8108  -0.5690   0.0000   0.2381
   1.350   0.1460   0.00478   0.00083   0.0013  0.4784  0.8161  -0.5803   0.0000   0.2381
   1.400   0.1515   0.00479   0.00083   0.0013  0.4732  0.8209  -0.5922   0.0000   0.2382
   1.500   0.1622   0.00483   0.00085   0.0014  0.4587  0.8305  -0.6185   0.0000   0.2380
   1.550   0.1674   0.00485   0.00087   0.0015  0.4503  0.8360  -0.6315   0.0000   0.2377
   1.600   0.1729   0.00486   0.00088   0.0016  0.4456  0.8412  -0.6449   0.0000   0.2377
   1.650   0.1783   0.00487   0.00089   0.0016  0.4391  0.8458  -0.6583   0.0000   0.2377
   1.700   0.1837   0.00491   0.00090   0.0016  0.4310  0.8497  -0.6718   0.0000   0.2377
   1.750   0.1890   0.00494   0.00091   0.0017  0.4222  0.8538  -0.6851   0.0000   0.2376
   1.800   0.1943   0.00494   0.00093   0.0018  0.4172  0.8588  -0.6986   0.0000   0.2374
   1.850   0.1996   0.00496   0.00095   0.0019  0.4107  0.8638  -0.7146   0.0000   0.2372
   1.900   0.2049   0.00499   0.00096   0.0019  0.4032  0.8685  -0.7306   0.0000   0.2371
   1.950   0.2102   0.00503   0.00098   0.0020  0.3950  0.8726  -0.7465   0.0000   0.2371
   2.000   0.2158   0.00505   0.00099   0.0020  0.3900  0.8761  -0.7628   0.0000   0.2372
   2.050   0.2210   0.00507   0.00100   0.0021  0.3831  0.8802  -0.7787   0.0000   0.2370
   2.100   0.2261   0.00510   0.00102   0.0022  0.3744  0.8845  -0.7945   0.0000   0.2367
   2.150   0.2314   0.00513   0.00104   0.0023  0.3664  0.8887  -0.8105   0.0000   0.2365
   2.200   0.2367   0.00515   0.00105   0.0024  0.3608  0.8928  -0.8268   0.0000   0.2365
   2.250   0.2421   0.00518   0.00107   0.0024  0.3539  0.8966  -0.8431   0.0000   0.2364
   2.300   0.2475   0.00523   0.00108   0.0025  0.3465  0.8998  -0.8594   0.0000   0.2365
   2.350   0.2527   0.00525   0.00110   0.0026  0.3400  0.9033  -0.8757   0.0000   0.2363
   2.400   0.2579   0.00527   0.00112   0.0027  0.3349  0.9071  -0.8941   0.0000   0.2361
   2.450   0.2631   0.00530   0.00113   0.0028  0.3276  0.9109  -0.9134   0.0000   0.2359
   2.500   0.2682   0.00536   0.00115   0.0029  0.3182  0.9144  -0.9327   0.0000   0.2357
   2.550   0.2736   0.00539   0.00117   0.0029  0.3117  0.9178  -0.9526   0.0000   0.2356
   2.600   0.2789   0.00542   0.00119   0.0030  0.3045  0.9208  -0.9725   0.0000   0.2356
   2.650   0.2842   0.00548   0.00121   0.0031  0.2956  0.9235  -0.9923   0.0000   0.2356
   2.700   0.2893   0.00551   0.00123   0.0032  0.2886  0.9266  -1.0121   0.0000   0.2353
   2.750   0.2946   0.00553   0.00125   0.0033  0.2837  0.9298  -1.0321   0.0000   0.2352
   2.800   0.2997   0.00557   0.00127   0.0034  0.2776  0.9330  -1.0522   0.0000   0.2350
   2.850   0.3049   0.00562   0.00129   0.0035  0.2702  0.9360  -1.0722   0.0000   0.2348
   2.900   0.3102   0.00565   0.00131   0.0036  0.2641  0.9389  -1.0925   0.0000   0.2347
   2.950   0.3155   0.00569   0.00133   0.0036  0.2586  0.9415  -1.1132   0.0000   0.2347
   3.000   0.3207   0.00574   0.00135   0.0037  0.2509  0.9438  -1.1336   0.0000   0.2346
   3.050   0.3259   0.00580   0.00138   0.0038  0.2419  0.9461  -1.1540   0.0000   0.2345
   3.100   0.3312   0.00583   0.00140   0.0039  0.2362  0.9486  -1.1748   0.0000   0.2344
   3.150   0.3364   0.00588   0.00142   0.0040  0.2282  0.9511  -1.1955   0.0000   0.2343
   3.200   0.3415   0.00594   0.00145   0.0041  0.2192  0.9536  -1.2200   0.0000   0.2342
   3.250   0.3469   0.00598   0.00147   0.0041  0.2141  0.9560  -1.2456   0.0000   0.2342
   3.300   0.3521   0.00603   0.00150   0.0042  0.2076  0.9583  -1.2709   0.0000   0.2341
   3.350   0.3572   0.00609   0.00152   0.0043  0.2003  0.9605  -1.2961   0.0000   0.2340
   3.400   0.3625   0.00612   0.00154   0.0044  0.1954  0.9625  -1.3217   0.0000   0.2339
   3.450   0.3679   0.00616   0.00157   0.0044  0.1906  0.9643  -1.3481   0.0000   0.2340
   3.500   0.3737   0.00621   0.00160   0.0044  0.1842  0.9658  -1.3752   0.0000   0.2342
   3.550   0.3794   0.00627   0.00163   0.0044  0.1768  0.9674  -1.4023   0.0000   0.2345
   3.600   0.3853   0.00631   0.00165   0.0043  0.1729  0.9690  -1.4301   0.0000   0.2348
   3.650   0.3911   0.00635   0.00167   0.0042  0.1677  0.9706  -1.4579   0.0000   0.2351
   3.700   0.3968   0.00641   0.00172   0.0042  0.1612  0.9722  -1.4826   0.0000   0.2353
   3.750   0.4024   0.00647   0.00175   0.0042  0.1551  0.9739  -1.5097   0.0000   0.2354
   3.800   0.4079   0.00651   0.00178   0.0042  0.1501  0.9755  -1.5368   0.0000   0.2355
   3.850   0.4131   0.00658   0.00181   0.0043  0.1433  0.9772  -1.5633   0.0000   0.2354
   3.900   0.4182   0.00664   0.00184   0.0044  0.1367  0.9789  -1.5896   0.0000   0.2353
   3.950   0.4238   0.00668   0.00186   0.0044  0.1321  0.9802  -1.6176   0.0000   0.2354
   4.000   0.4303   0.00675   0.00190   0.0042  0.1257  0.9810  -1.6478   0.0000   0.2360
   4.050   0.4368   0.00681   0.00194   0.0039  0.1191  0.9817  -1.6782   0.0000   0.2367
   4.100   0.4434   0.00685   0.00196   0.0037  0.1157  0.9824  -1.7093   0.0000   0.2373
   4.150   0.4499   0.00690   0.00199   0.0035  0.1114  0.9831  -1.7403   0.0000   0.2379
   4.200   0.4563   0.00697   0.00203   0.0033  0.1062  0.9838  -1.7710   0.0000   0.2385
   4.250   0.4627   0.00702   0.00206   0.0031  0.1019  0.9846  -1.8020   0.0000   0.2390
   4.300   0.4692   0.00706   0.00209   0.0029  0.0991  0.9853  -1.8333   0.0000   0.2394
   4.350   0.4756   0.00711   0.00212   0.0027  0.0954  0.9861  -1.8646   0.0000   0.2399
   4.400   0.4819   0.00718   0.00216   0.0025  0.0911  0.9868  -1.8959   0.0000   0.2404
   4.450   0.4884   0.00723   0.00220   0.0023  0.0868  0.9875  -1.9275   0.0000   0.2408
   4.500   0.4949   0.00727   0.00223   0.0021  0.0847  0.9882  -1.9596   0.0000   0.2413
   4.550   0.5013   0.00731   0.00226   0.0019  0.0819  0.9888  -1.9919   0.0000   0.2417
   4.600   0.5078   0.00737   0.00229   0.0017  0.0786  0.9894  -2.0294   0.0000   0.2422
   4.650   0.5142   0.00743   0.00233   0.0015  0.0747  0.9900  -2.0686   0.0000   0.2426
   4.700   0.5206   0.00748   0.00237   0.0013  0.0720  0.9905  -2.1083   0.0000   0.2430
   4.750   0.5271   0.00752   0.00240   0.0011  0.0702  0.9911  -2.1482   0.0000   0.2433
   4.800   0.5334   0.00756   0.00243   0.0009  0.0680  0.9917  -2.1880   0.0000   0.2436
   4.850   0.5396   0.00762   0.00247   0.0008  0.0655  0.9922  -2.2276   0.0000   0.2439
   4.900   0.5456   0.00768   0.00251   0.0006  0.0626  0.9928  -2.2669   0.0000   0.2441
   4.950   0.5525   0.00773   0.00255   0.0003  0.0593  0.9930  -2.3090   0.0000   0.2447
   5.000   0.5595   0.00777   0.00258   0.0000  0.0582  0.9932  -2.3519   0.0000   0.2452
   5.050   0.5664   0.00781   0.00261  -0.0003  0.0567  0.9934  -2.3949   0.0000   0.2457
   5.100   0.5732   0.00786   0.00265  -0.0006  0.0549  0.9937  -2.4379   0.0000   0.2462
   5.150   0.5800   0.00791   0.00269  -0.0009  0.0528  0.9939  -2.4810   0.0000   0.2466
   5.200   0.5868   0.00798   0.00273  -0.0012  0.0501  0.9942  -2.5241   0.0000   0.2471
   5.250   0.5936   0.00803   0.00278  -0.0015  0.0472  0.9944  -2.5672   0.0000   0.2475
   5.300   0.6004   0.00807   0.00282  -0.0018  0.0463  0.9947  -2.6088   0.0000   0.2479
   5.350   0.6072   0.00811   0.00286  -0.0020  0.0450  0.9950  -2.6520   0.0000   0.2483
   5.400   0.6140   0.00816   0.00290  -0.0023  0.0437  0.9952  -2.6958   0.0000   0.2487
   5.450   0.6207   0.00821   0.00294  -0.0026  0.0423  0.9955  -2.7398   0.0000   0.2491
   5.500   0.6274   0.00827   0.00298  -0.0029  0.0407  0.9958  -2.7838   0.0000   0.2494
   5.550   0.6341   0.00833   0.00302  -0.0031  0.0387  0.9961  -2.8279   0.0000   0.2498
   5.600   0.6407   0.00839   0.00308  -0.0034  0.0367  0.9964  -2.8717   0.0000   0.2501
   5.650   0.6475   0.00842   0.00311  -0.0037  0.0362  0.9967  -2.9171   0.0000   0.2504
   5.700   0.6542   0.00846   0.00315  -0.0039  0.0358  0.9970  -2.9630   0.0000   0.2507
   5.750   0.6609   0.00850   0.00318  -0.0042  0.0353  0.9973  -3.0088   0.0000   0.2510
   5.800   0.6676   0.00854   0.00322  -0.0044  0.0346  0.9976  -3.0548   0.0000   0.2513
   5.850   0.6743   0.00858   0.00326  -0.0047  0.0338  0.9978  -3.1009   0.0000   0.2516
   5.900   0.6809   0.00863   0.00330  -0.0050  0.0329  0.9981  -3.1470   0.0000   0.2518
   5.950   0.6875   0.00869   0.00335  -0.0052  0.0319  0.9984  -3.1931   0.0000   0.2521
   6.000   0.6941   0.00875   0.00339  -0.0054  0.0308  0.9987  -3.2392   0.0000   0.2523
   6.050   0.7007   0.00882   0.00345  -0.0057  0.0294  0.9989  -3.2848   0.0000   0.2526
   6.100   0.7072   0.00889   0.00352  -0.0059  0.0279  0.9991  -3.3293   0.0000   0.2528
   6.150   0.7137   0.00896   0.00359  -0.0061  0.0269  0.9994  -3.3742   0.0000   0.2530
   6.200   0.7204   0.00899   0.00362  -0.0064  0.0268  0.9996  -3.4226   0.0000   0.2532
   6.250   0.7271   0.00902   0.00365  -0.0067  0.0266  0.9998  -3.4711   0.0000   0.2534
   6.300   0.7338   0.00906   0.00369  -0.0069  0.0264  1.0000  -3.5197   0.0000   0.2537
   6.350   0.7389   0.00909   0.00373  -0.0068  0.0262  1.0000  -3.5624   0.0000   0.2534
   6.400   0.7436   0.00913   0.00376  -0.0066  0.0259  1.0000  -3.6032   0.0000   0.2531
   6.450   0.7482   0.00916   0.00380  -0.0065  0.0256  1.0000  -3.6441   0.0000   0.2527
   6.500   0.7528   0.00920   0.00384  -0.0063  0.0253  1.0000  -3.6850   0.0000   0.2524
   6.550   0.7575   0.00924   0.00388  -0.0061  0.0249  1.0000  -3.7260   0.0000   0.2521
   6.600   0.7621   0.00929   0.00392  -0.0059  0.0245  1.0000  -3.7671   0.0000   0.2517
   6.650   0.7667   0.00933   0.00396  -0.0057  0.0241  1.0000  -3.8081   0.0000   0.2514
   6.700   0.7712   0.00938   0.00401  -0.0055  0.0236  1.0000  -3.8492   0.0000   0.2510
   6.750   0.7758   0.00944   0.00405  -0.0053  0.0231  1.0000  -3.8902   0.0000   0.2507
   6.800   0.7804   0.00949   0.00410  -0.0051  0.0226  1.0000  -3.9311   0.0000   0.2503
   6.850   0.7849   0.00955   0.00415  -0.0049  0.0219  1.0000  -3.9714   0.0000   0.2500
   6.900   0.7894   0.00962   0.00422  -0.0047  0.0212  1.0000  -4.0105   0.0000   0.2496
   6.950   0.7938   0.00970   0.00432  -0.0045  0.0203  1.0000  -4.0492   0.0000   0.2493
   7.000   0.7980   0.00983   0.00446  -0.0042  0.0192  1.0000  -4.0818   0.0000   0.2488
   7.050   0.8024   0.00991   0.00456  -0.0039  0.0188  1.0000  -4.1190   0.0000   0.2485
   7.100   0.8071   0.00995   0.00460  -0.0038  0.0188  1.0000  -4.1630   0.0000   0.2482
   7.150   0.8119   0.00998   0.00463  -0.0036  0.0187  1.0000  -4.2070   0.0000   0.2479
   7.200   0.8166   0.01002   0.00467  -0.0034  0.0187  1.0000  -4.2512   0.0000   0.2476
   7.250   0.8214   0.01006   0.00471  -0.0033  0.0186  1.0000  -4.2957   0.0000   0.2474
   7.300   0.8262   0.01009   0.00475  -0.0031  0.0185  1.0000  -4.3405   0.0000   0.2471
   7.350   0.8310   0.01013   0.00478  -0.0030  0.0184  1.0000  -4.3855   0.0000   0.2468
   7.400   0.8357   0.01017   0.00482  -0.0028  0.0183  1.0000  -4.4307   0.0000   0.2466
   7.450   0.8405   0.01021   0.00486  -0.0027  0.0182  1.0000  -4.4761   0.0000   0.2463
   7.500   0.8453   0.01025   0.00490  -0.0025  0.0181  1.0000  -4.5217   0.0000   0.2461
   7.550   0.8501   0.01029   0.00494  -0.0024  0.0180  1.0000  -4.5673   0.0000   0.2458
   7.600   0.8549   0.01033   0.00499  -0.0022  0.0178  1.0000  -4.6131   0.0000   0.2456
   7.650   0.8597   0.01037   0.00503  -0.0021  0.0176  1.0000  -4.6590   0.0000   0.2454
   7.700   0.8645   0.01041   0.00508  -0.0019  0.0175  1.0000  -4.7051   0.0000   0.2451
   7.750   0.8693   0.01046   0.00512  -0.0018  0.0173  1.0000  -4.7512   0.0000   0.2449
   7.800   0.8741   0.01051   0.00517  -0.0016  0.0171  1.0000  -4.7973   0.0000   0.2447
   7.850   0.8789   0.01056   0.00522  -0.0015  0.0169  1.0000  -4.8434   0.0000   0.2444
   7.900   0.8837   0.01061   0.00527  -0.0013  0.0167  1.0000  -4.8894   0.0000   0.2442
   7.950   0.8885   0.01066   0.00533  -0.0012  0.0165  1.0000  -4.9355   0.0000   0.2440
   8.000   0.8932   0.01072   0.00538  -0.0010  0.0164  1.0000  -4.9868   0.0000   0.2437
   8.050   0.8980   0.01077   0.00544  -0.0009  0.0162  1.0000  -5.0424   0.0000   0.2435
   8.100   0.9028   0.01083   0.00549  -0.0007  0.0160  1.0000  -5.0982   0.0000   0.2433
   8.150   0.9075   0.01089   0.00555  -0.0006  0.0158  1.0000  -5.1541   0.0000   0.2431
   8.200   0.9123   0.01095   0.00561  -0.0004  0.0156  1.0000  -5.2103   0.0000   0.2429
   8.250   0.9170   0.01101   0.00567  -0.0003  0.0153  1.0000  -5.2666   0.0000   0.2426
   8.300   0.9218   0.01108   0.00573  -0.0001  0.0151  1.0000  -5.3229   0.0000   0.2424
   8.350   0.9265   0.01114   0.00580   0.0000  0.0148  1.0000  -5.3791   0.0000   0.2422
   8.400   0.9312   0.01122   0.00587   0.0002  0.0145  1.0000  -5.4350   0.0000   0.2420
   8.450   0.9359   0.01130   0.00596   0.0003  0.0142  1.0000  -5.4902   0.0000   0.2417
   8.500   0.9405   0.01139   0.00605   0.0005  0.0138  1.0000  -5.5441   0.0000   0.2415
   8.550   0.9450   0.01151   0.00619   0.0007  0.0133  1.0000  -5.5948   0.0000   0.2412
   8.600   0.9483   0.01179   0.00653   0.0011  0.0123  1.0000  -5.6266   0.0000   0.2408
   8.650   0.9528   0.01191   0.00666   0.0013  0.0121  1.0000  -5.6786   0.0000   0.2405
   8.700   0.9578   0.01195   0.00670   0.0014  0.0121  1.0000  -5.7397   0.0000   0.2404
   8.750   0.9628   0.01199   0.00674   0.0015  0.0121  1.0000  -5.8010   0.0000   0.2402
   8.800   0.9678   0.01204   0.00681   0.0016  0.0120  1.0000  -5.8638   0.0000   0.2401
   8.850   0.9728   0.01209   0.00686   0.0017  0.0120  1.0000  -5.9259   0.0000   0.2399
   8.900   0.9778   0.01214   0.00690   0.0018  0.0120  1.0000  -5.9879   0.0000   0.2398
   8.950   0.9828   0.01218   0.00695   0.0018  0.0119  1.0000  -6.0500   0.0000   0.2396
   9.000   0.9878   0.01223   0.00701   0.0019  0.0119  1.0000  -6.1121   0.0000   0.2395
   9.050   0.9928   0.01229   0.00706   0.0020  0.0118  1.0000  -6.1743   0.0000   0.2394
   9.100   0.9978   0.01234   0.00712   0.0021  0.0118  1.0000  -6.2365   0.0000   0.2392
   9.150   1.0028   0.01240   0.00718   0.0022  0.0117  1.0000  -6.2987   0.0000   0.2391
   9.200   1.0077   0.01246   0.00724   0.0023  0.0117  1.0000  -6.3609   0.0000   0.2389
   9.250   1.0127   0.01252   0.00731   0.0024  0.0116  1.0000  -6.4231   0.0000   0.2388
   9.300   1.0176   0.01259   0.00738   0.0025  0.0115  1.0000  -6.4853   0.0000   0.2386
   9.350   1.0225   0.01265   0.00745   0.0026  0.0115  1.0000  -6.5475   0.0000   0.2385
   9.400   1.0274   0.01272   0.00753   0.0027  0.0114  1.0000  -6.6096   0.0000   0.2383
   9.450   1.0323   0.01279   0.00761   0.0028  0.0113  1.0000  -6.6718   0.0000   0.2382
   9.500   1.0372   0.01287   0.00769   0.0029  0.0112  1.0000  -6.7340   0.0000   0.2380
   9.550   1.0421   0.01294   0.00777   0.0030  0.0112  1.0000  -6.7962   0.0000   0.2379
   9.600   1.0469   0.01302   0.00786   0.0031  0.0111  1.0000  -6.8585   0.0000   0.2377
   9.650   1.0518   0.01310   0.00795   0.0032  0.0110  1.0000  -6.9208   0.0000   0.2376
   9.700   1.0566   0.01319   0.00804   0.0033  0.0109  1.0000  -6.9832   0.0000   0.2374
   9.750   1.0614   0.01327   0.00813   0.0035  0.0109  1.0000  -7.0457   0.0000   0.2373
   9.800   1.0662   0.01336   0.00822   0.0036  0.0108  1.0000  -7.1084   0.0000   0.2371
   9.850   1.0710   0.01344   0.00832   0.0037  0.0107  1.0000  -7.1712   0.0000   0.2370
   9.900   1.0758   0.01353   0.00841   0.0038  0.0107  1.0000  -7.2341   0.0000   0.2368
   9.950   1.0806   0.01362   0.00851   0.0039  0.0106  1.0000  -7.2972   0.0000   0.2367
  10.000   1.0854   0.01371   0.00861   0.0040  0.0105  1.0000  -7.3604   0.0000   0.2365
  10.050   1.0901   0.01380   0.00871   0.0041  0.0105  1.0000  -7.4238   0.0000   0.2364
  10.100   1.0949   0.01389   0.00881   0.0042  0.0104  1.0000  -7.4873   0.0000   0.2362
  10.150   1.0996   0.01398   0.00891   0.0044  0.0104  1.0000  -7.5511   0.0000   0.2360
  10.200   1.1044   0.01408   0.00902   0.0045  0.0103  1.0000  -7.6150   0.0000   0.2359
  10.250   1.1091   0.01417   0.00912   0.0046  0.0102  1.0000  -7.6791   0.0000   0.2357
  10.300   1.1138   0.01427   0.00922   0.0047  0.0102  1.0000  -7.7433   0.0000   0.2356
  10.350   1.1185   0.01436   0.00933   0.0048  0.0101  1.0000  -7.8077   0.0000   0.2354
  10.400   1.1232   0.01446   0.00944   0.0049  0.0101  1.0000  -7.8723   0.0000   0.2353
  10.450   1.1279   0.01456   0.00954   0.0051  0.0100  1.0000  -7.9371   0.0000   0.2351
  10.500   1.1326   0.01466   0.00965   0.0052  0.0100  1.0000  -8.0021   0.0000   0.2350
  10.550   1.1373   0.01476   0.00976   0.0053  0.0099  1.0000  -8.0672   0.0000   0.2348
  10.600   1.1420   0.01485   0.00987   0.0054  0.0099  1.0000  -8.1319   0.0000   0.2347
  10.650   1.1467   0.01495   0.00998   0.0055  0.0098  1.0000  -8.1973   0.0000   0.2345
  10.700   1.1513   0.01505   0.01009   0.0056  0.0098  1.0000  -8.2628   0.0000   0.2344
  10.750   1.1560   0.01515   0.01020   0.0058  0.0097  1.0000  -8.3286   0.0000   0.2342
  10.800   1.1606   0.01525   0.01031   0.0059  0.0097  1.0000  -8.3945   0.0000   0.2341
  10.850   1.1652   0.01535   0.01043   0.0060  0.0096  1.0000  -8.4606   0.0000   0.2339
  10.900   1.1698   0.01546   0.01054   0.0061  0.0096  1.0000  -8.5268   0.0000   0.2338
  10.950   1.1744   0.01556   0.01066   0.0063  0.0095  1.0000  -8.5932   0.0000   0.2336
  11.000   1.1790   0.01567   0.01077   0.0064  0.0095  1.0000  -8.6598   0.0000   0.2334
  11.050   1.1836   0.01578   0.01089   0.0065  0.0095  1.0000  -8.7266   0.0000   0.2333
  11.100   1.1881   0.01588   0.01100   0.0066  0.0094  1.0000  -8.7934   0.0000   0.2331
  11.150   1.1927   0.01599   0.01112   0.0068  0.0094  1.0000  -8.8605   0.0000   0.2330
  11.200   1.1972   0.01610   0.01124   0.0069  0.0093  1.0000  -8.9276   0.0000   0.2328
  11.250   1.2017   0.01621   0.01136   0.0070  0.0093  1.0000  -8.9949   0.0000   0.2327
  11.300   1.2062   0.01632   0.01148   0.0071  0.0092  1.0000  -9.0623   0.0000   0.2325
  11.350   1.2107   0.01643   0.01160   0.0073  0.0092  1.0000  -9.1297   0.0000   0.2323
  11.400   1.2152   0.01655   0.01173   0.0074  0.0091  1.0000  -9.1973   0.0000   0.2322
  11.450   1.2196   0.01666   0.01185   0.0075  0.0091  1.0000  -9.2649   0.0000   0.2320
  11.500   1.2240   0.01678   0.01198   0.0077  0.0090  1.0000  -9.3325   0.0000   0.2319
  11.550   1.2285   0.01689   0.01210   0.0078  0.0090  1.0000  -9.4002   0.0000   0.2317
  11.600   1.2329   0.01701   0.01223   0.0080  0.0090  1.0000  -9.4678   0.0000   0.2315
  11.650   1.2372   0.01713   0.01237   0.0081  0.0089  1.0000  -9.5355   0.0000   0.2314
  11.700   1.2416   0.01726   0.01250   0.0082  0.0089  1.0000  -9.6031   0.0000   0.2312
  11.750   1.2459   0.01738   0.01264   0.0084  0.0088  1.0000  -9.6705   0.0000   0.2310
  11.800   1.2502   0.01751   0.01277   0.0085  0.0088  1.0000  -9.7379   0.0000   0.2309
  11.850   1.2544   0.01764   0.01292   0.0087  0.0087  1.0000  -9.8050   0.0000   0.2307
  11.900   1.2587   0.01777   0.01306   0.0089  0.0087  1.0000  -9.8719   0.0000   0.2305
  11.950   1.2628   0.01791   0.01321   0.0090  0.0086  1.0000  -9.9386   0.0000   0.2303
  12.000   1.2670   0.01805   0.01336   0.0092  0.0086  1.0000  -10.0050   0.0000   0.2301
  12.050   1.2711   0.01819   0.01352   0.0094  0.0085  1.0000  -10.0711   0.0000   0.2300
  12.100   1.2751   0.01834   0.01368   0.0095  0.0084  1.0000  -10.1368   0.0000   0.2298
  12.150   1.2791   0.01849   0.01385   0.0097  0.0084  1.0000  -10.2020   0.0000   0.2296
  12.200   1.2831   0.01865   0.01402   0.0099  0.0083  1.0000  -10.2667   0.0000   0.2294
  12.250   1.2870   0.01881   0.01420   0.0101  0.0083  1.0000  -10.3308   0.0000   0.2292
  12.300   1.2908   0.01898   0.01439   0.0103  0.0082  1.0000  -10.3942   0.0000   0.2290
  12.350   1.2945   0.01915   0.01458   0.0105  0.0081  1.0000  -10.4568   0.0000   0.2287
  12.400   1.2982   0.01933   0.01478   0.0107  0.0081  1.0000  -10.5185   0.0000   0.2285
  12.450   1.3017   0.01952   0.01500   0.0110  0.0080  1.0000  -10.5799   0.0000   0.2283
  12.500   1.3052   0.01972   0.01522   0.0112  0.0080  1.0000  -10.6402   0.0000   0.2281
  12.550   1.3085   0.01994   0.01546   0.0114  0.0079  1.0000  -10.6982   0.0000   0.2278
  12.600   1.3117   0.02016   0.01571   0.0117  0.0078  1.0000  -10.7541   0.0000   0.2275
  12.650   1.3146   0.02041   0.01599   0.0120  0.0077  1.0000  -10.8074   0.0000   0.2273
  12.700   1.3173   0.02068   0.01629   0.0123  0.0076  1.0000  -10.8574   0.0000   0.2270
  12.750   1.3196   0.02099   0.01663   0.0127  0.0075  1.0000  -10.9029   0.0000   0.2266
  12.800   1.3214   0.02134   0.01703   0.0131  0.0074  1.0000  -10.9413   0.0000   0.2262
  12.850   1.3224   0.02178   0.01752   0.0136  0.0073  1.0000  -10.9686   0.0000   0.2258
  12.900   1.3217   0.02239   0.01820   0.0143  0.0072  1.0000  -10.9730   0.0000   0.2252
  12.950   1.3103   0.02406   0.02008   0.0161  0.0069  1.0000  -10.8371   0.0000   0.2237
  13.000   1.3146   0.02413   0.02015   0.0162  0.0069  1.0000  -10.9134   0.0000   0.2236
  13.050   1.3188   0.02420   0.02022   0.0164  0.0069  1.0000  -10.9898   0.0000   0.2234
  13.100   1.3230   0.02427   0.02029   0.0165  0.0069  1.0000  -11.0664   0.0000   0.2233
  13.150   1.3273   0.02434   0.02037   0.0166  0.0069  1.0000  -11.1431   0.0000   0.2231
  13.200   1.3315   0.02441   0.02044   0.0167  0.0069  1.0000  -11.2198   0.0000   0.2230
  13.250   1.3356   0.02448   0.02052   0.0169  0.0068  1.0000  -11.2967   0.0000   0.2229
  13.300   1.3398   0.02455   0.02059   0.0170  0.0068  1.0000  -11.3735   0.0000   0.2227
  13.350   1.3439   0.02463   0.02067   0.0171  0.0068  1.0000  -11.4505   0.0000   0.2226
  13.400   1.3480   0.02470   0.02075   0.0173  0.0068  1.0000  -11.5275   0.0000   0.2224
  13.450   1.3521   0.02478   0.02082   0.0174  0.0068  1.0000  -11.6044   0.0000   0.2223
  13.500   1.3562   0.02485   0.02090   0.0176  0.0068  1.0000  -11.6814   0.0000   0.2221
  13.550   1.3602   0.02493   0.02098   0.0177  0.0068  1.0000  -11.7583   0.0000   0.2220
  13.600   1.3642   0.02501   0.02107   0.0179  0.0068  1.0000  -11.8352   0.0000   0.2218
  13.650   1.3682   0.02509   0.02115   0.0180  0.0068  1.0000  -11.9119   0.0000   0.2216
  13.700   1.3721   0.02517   0.02124   0.0182  0.0068  1.0000  -11.9886   0.0000   0.2215
  13.750   1.3760   0.02526   0.02132   0.0183  0.0068  1.0000  -12.0649   0.0000   0.2213
  13.800   1.3798   0.02534   0.02141   0.0185  0.0067  1.0000  -12.1410   0.0000   0.2211
  13.850   1.3835   0.02543   0.02150   0.0187  0.0067  1.0000  -12.2162   0.0000   0.2209
  13.900   1.3870   0.02552   0.02159   0.0189  0.0067  1.0000  -12.2897   0.0000   0.2207
  13.950   1.3904   0.02561   0.02169   0.0192  0.0067  1.0000  -12.3625   0.0000   0.2205
  14.000   1.3937   0.02570   0.02179   0.0194  0.0067  1.0000  -12.4346   0.0000   0.2203
  14.050   1.3969   0.02580   0.02189   0.0197  0.0067  1.0000  -12.5059   0.0000   0.2200
  14.100   1.4001   0.02590   0.02199   0.0200  0.0067  1.0000  -12.5766   0.0000   0.2198
  14.150   1.4031   0.02600   0.02210   0.0202  0.0067  1.0000  -12.6468   0.0000   0.2195
  14.200   1.4061   0.02611   0.02222   0.0205  0.0066  1.0000  -12.7166   0.0000   0.2192
  14.250   1.4091   0.02622   0.02233   0.0208  0.0066  1.0000  -12.7858   0.0000   0.2190
  14.300   1.4120   0.02634   0.02246   0.0211  0.0066  1.0000  -12.8546   0.0000   0.2187
  14.350   1.4148   0.02646   0.02258   0.0214  0.0066  1.0000  -12.9229   0.0000   0.2185
  14.400   1.4176   0.02659   0.02271   0.0217  0.0066  1.0000  -12.9907   0.0000   0.2182
  14.450   1.4203   0.02672   0.02285   0.0220  0.0065  1.0000  -13.0577   0.0000   0.2179
  14.500   1.4230   0.02685   0.02300   0.0222  0.0065  1.0000  -13.1238   0.0000   0.2177
  14.550   1.4255   0.02700   0.02315   0.0225  0.0065  1.0000  -13.1894   0.0000   0.2174
  14.600   1.4281   0.02714   0.02330   0.0228  0.0065  1.0000  -13.2545   0.0000   0.2171
  14.650   1.4306   0.02730   0.02347   0.0231  0.0065  1.0000  -13.3191   0.0000   0.2169
  14.700   1.4330   0.02746   0.02364   0.0234  0.0064  1.0000  -13.3827   0.0000   0.2166
  14.750   1.4353   0.02763   0.02382   0.0237  0.0064  1.0000  -13.4454   0.0000   0.2164
  14.800   1.4375   0.02780   0.02401   0.0239  0.0064  1.0000  -13.5072   0.0000   0.2161
  14.850   1.4397   0.02799   0.02420   0.0242  0.0064  1.0000  -13.5681   0.0000   0.2158
  14.900   1.4417   0.02818   0.02440   0.0245  0.0063  1.0000  -13.6279   0.0000   0.2156
  14.950   1.4437   0.02838   0.02462   0.0248  0.0063  1.0000  -13.6863   0.0000   0.2153
  15.000   1.4455   0.02859   0.02484   0.0250  0.0063  1.0000  -13.7439   0.0000   0.2151


