  -5.000  -1.1153   0.01426   0.00808   0.0888  0.7148  0.0176  -5.4989   0.0000   0.3237
  -4.750  -1.0901   0.01403   0.00783   0.0895  0.7110  0.0177  -5.2591   0.0000   0.3265
  -4.500  -1.0642   0.01352   0.00725   0.0901  0.7064  0.0197  -5.0418   0.0000   0.3292
  -4.250  -1.0384   0.01317   0.00690   0.0907  0.7018  0.0216  -4.8146   0.0000   0.3321
  -4.000  -1.0126   0.01290   0.00662   0.0913  0.6966  0.0229  -4.5858   0.0000   0.3352
  -3.750  -0.9866   0.01266   0.00637   0.0918  0.6901  0.0239  -4.3603   0.0000   0.3383
  -3.500  -0.9606   0.01244   0.00614   0.0923  0.6860  0.0248  -4.1381   0.0000   0.3416
  -3.250  -0.9345   0.01224   0.00593   0.0929  0.6824  0.0254  -3.9191   0.0000   0.3451
  -3.000  -0.9084   0.01207   0.00573   0.0934  0.6773  0.0257  -3.7019   0.0000   0.3487
  -2.750  -0.8818   0.01172   0.00538   0.0939  0.6712  0.0299  -3.4993   0.0000   0.3526
  -2.500  -0.8554   0.01150   0.00516   0.0943  0.6633  0.0326  -3.3130   0.0000   0.3566
  -2.250  -0.8290   0.01132   0.00497   0.0947  0.6566  0.0343  -3.1422   0.0000   0.3608
  -2.000  -0.8026   0.01116   0.00480   0.0952  0.6509  0.0350  -2.9733   0.0000   0.3654
  -1.750  -0.7759   0.01090   0.00456   0.0956  0.6434  0.0403  -2.8130   0.0000   0.3702
  -1.500  -0.7493   0.01071   0.00437   0.0960  0.6344  0.0440  -2.6510   0.0000   0.3753
  -1.250  -0.7227   0.01057   0.00420   0.0964  0.6271  0.0457  -2.4897   0.0000   0.3808
  -1.000  -0.6961   0.01035   0.00402   0.0969  0.6209  0.0528  -2.3360   0.0000   0.3867
  -0.750  -0.6694   0.01019   0.00386   0.0972  0.6121  0.0571  -2.1838   0.0000   0.3930
  -0.500  -0.6427   0.01002   0.00370   0.0976  0.6000  0.0652  -2.0353   0.0000   0.3999
  -0.250  -0.6162   0.00985   0.00356   0.0980  0.5932  0.0719  -1.8900   0.0000   0.4073
   0.000  -0.5897   0.00967   0.00342   0.0984  0.5825  0.0828  -1.7487   0.0000   0.4153
   0.250  -0.5630   0.00952   0.00328   0.0988  0.5701  0.0934  -1.6214   0.0000   0.4241
   0.500  -0.5366   0.00936   0.00315   0.0992  0.5632  0.1044  -1.5061   0.0000   0.4337
   0.750  -0.5102   0.00921   0.00303   0.0996  0.5522  0.1179  -1.3949   0.0000   0.4444
   1.000  -0.4842   0.00904   0.00292   0.1000  0.5395  0.1381  -1.2868   0.0000   0.4561
   1.250  -0.4586   0.00885   0.00281   0.1006  0.5294  0.1598  -1.1819   0.0000   0.4691
   1.500  -0.4334   0.00870   0.00270   0.1012  0.5155  0.1833  -1.0802   0.0000   0.4836
   1.750  -0.4093   0.00850   0.00260   0.1020  0.5069  0.2125  -1.0753   0.0000   0.4998
   2.000  -0.3874   0.00825   0.00249   0.1033  0.4959  0.2549  -1.0860   0.0000   0.5176
   2.500  -0.3610   0.00740   0.00217   0.1095  0.4749  0.4148  -1.1391   0.0000   0.5549
   2.750  -0.3543   0.00680   0.00194   0.1139  0.4648  0.5216  -1.1796   0.0000   0.5736
   3.000  -0.3557   0.00584   0.00151   0.1201  0.4548  0.6703  -1.2421   0.0000   0.5899
   3.500  -0.3174   0.00543   0.00161   0.1242  0.4373  0.8386  -1.1735   0.0000   0.6448
   3.750  -0.2869   0.00571   0.00188   0.1239  0.4253  0.8450  -1.1457   0.0000   0.6861
   4.000  -0.2562   0.00598   0.00215   0.1235  0.4179  0.8500  -1.1197   0.0000   0.7375
   4.250  -0.2256   0.00629   0.00241   0.1231  0.4069  0.8532  -1.0953   0.0000   0.8026
   4.500  -0.1943   0.00665   0.00275   0.1226  0.3976  0.8552  -1.0681   0.0000   0.8898
   4.750  -0.1616   0.00712   0.00321   0.1218  0.3914  0.8564  -1.0352   0.0000   1.0156
   5.000  -0.1354   0.00695   0.00299   0.1222  0.3832  0.8597  -1.0307   0.0000   1.1677
   5.250  -0.1063   0.00703   0.00305   0.1220  0.3725  0.8632  -1.0133   0.0000   1.4189
   5.500  -0.0741   0.00738   0.00343   0.1214  0.3691  0.8663  -0.9787   0.0000   1.9215
   5.750  -0.0413   0.00787   0.00394   0.1207  0.3631  0.8696  -0.9390   0.0000   3.2398
   6.000  -0.0080   0.00849   0.00455   0.1200  0.3554  0.8738  -0.8983   0.0000  15.6247
   6.250   0.0261   0.00910   0.00514   0.1190  0.3459  0.8772  -0.8637   0.0000  -4.4205
   6.500   0.0554   0.00915   0.00520   0.1187  0.3429  0.8775  -0.8546   0.0000  -1.9518
   6.750   0.0827   0.00902   0.00505   0.1187  0.3375  0.8769  -0.8546   0.0000  -1.2290
   7.000   0.1101   0.00894   0.00492   0.1186  0.3300  0.8762  -0.8839   0.0000  -0.8618
   7.250   0.1377   0.00889   0.00483   0.1185  0.3201  0.8755  -0.9353   0.0000  -0.6396
   7.500   0.1656   0.00879   0.00473   0.1183  0.3166  0.8748  -0.9935   0.0000  -0.4905
   7.750   0.1936   0.00873   0.00465   0.1182  0.3088  0.8742  -1.0579   0.0000  -0.3840
   8.000   0.2216   0.00874   0.00460   0.1179  0.2960  0.8735  -1.1306   0.0000  -0.3042
   8.250   0.2498   0.00870   0.00456   0.1177  0.2893  0.8728  -1.2101   0.0000  -0.2418
   8.500   0.2778   0.00873   0.00453   0.1174  0.2752  0.8722  -1.2964   0.0000  -0.1921
   8.750   0.3061   0.00874   0.00450   0.1171  0.2647  0.8715  -1.3875   0.0000  -0.1513
   9.000   0.3342   0.00883   0.00451   0.1167  0.2467  0.8709  -1.4910   0.0000  -0.1175
   9.250   0.3625   0.00887   0.00452   0.1163  0.2357  0.8703  -1.5971   0.0000  -0.0888
   9.500   0.3906   0.00899   0.00457   0.1159  0.2176  0.8696  -1.7046   0.0000  -0.0644
   9.750   0.4185   0.00914   0.00463   0.1155  0.1988  0.8690  -1.8195   0.0000  -0.0434
  10.000   0.4463   0.00932   0.00474   0.1151  0.1802  0.8684  -1.9517   0.0000  -0.0250
  10.250   0.4741   0.00952   0.00485   0.1147  0.1614  0.8678  -2.0845   0.0000  -0.0089
  10.500   0.5017   0.00977   0.00500   0.1142  0.1405  0.8672  -2.2193   0.0000   0.0054
  10.750   0.5292   0.01003   0.00516   0.1137  0.1225  0.8667  -2.3566   0.0000   0.0181
  11.250   0.5843   0.01055   0.00553   0.1127  0.0938  0.8656  -2.6390   0.0000   0.0400
  11.500   0.6119   0.01081   0.00573   0.1123  0.0827  0.8650  -2.8061   0.0000   0.0494
  11.750   0.6394   0.01109   0.00598   0.1117  0.0721  0.8645  -2.9830   0.0000   0.0580
  12.000   0.6667   0.01144   0.00625   0.1112  0.0612  0.8640  -3.1602   0.0000   0.0658
  12.250   0.6940   0.01175   0.00652   0.1106  0.0544  0.8635  -3.3418   0.0000   0.0730
  12.500   0.7215   0.01205   0.00680   0.1101  0.0483  0.8630  -3.5266   0.0000   0.0796
  12.750   0.7488   0.01238   0.00710   0.1095  0.0438  0.8625  -3.7149   0.0000   0.0857
  13.000   0.7758   0.01276   0.00746   0.1090  0.0382  0.8620  -3.9042   0.0000   0.0913
  13.250   0.8032   0.01305   0.00777   0.1084  0.0363  0.8615  -4.0994   0.0000   0.0965
  13.500   0.8300   0.01346   0.00816   0.1078  0.0330  0.8611  -4.2947   0.0000   0.1013
  13.750   0.8563   0.01396   0.00866   0.1071  0.0286  0.8606  -4.4874   0.0000   0.1058
  14.000   0.8834   0.01427   0.00900   0.1065  0.0280  0.8602  -4.6937   0.0000   0.1100
  14.250   0.9101   0.01465   0.00940   0.1059  0.0267  0.8598  -4.9001   0.0000   0.1139
  14.500   0.9362   0.01515   0.00989   0.1051  0.0248  0.8594  -5.1061   0.0000   0.1176
  14.750   0.9613   0.01581   0.01055   0.1043  0.0216  0.8590  -5.3086   0.0000   0.1210
  15.000   0.9867   0.01642   0.01122   0.1035  0.0201  0.8586  -5.5469   0.0000   0.1243


