  -5.000  -0.3416   0.00641   0.00166  -0.0430  0.7183  0.0335  -2.5022   0.0000   0.1165
  -4.750  -0.3132   0.00633   0.00157  -0.0430  0.7057  0.0357  -2.3418   0.0000   0.1048
  -4.500  -0.2849   0.00631   0.00149  -0.0430  0.6841  0.0365  -2.1855   0.0000   0.0911
  -4.250  -0.2566   0.00624   0.00141  -0.0430  0.6691  0.0418  -2.0335   0.0000   0.0741
  -4.000  -0.2283   0.00618   0.00132  -0.0431  0.6496  0.0458  -1.8849   0.0000   0.0531
  -3.750  -0.2000   0.00617   0.00126  -0.0431  0.6294  0.0477  -1.7394   0.0000   0.0259
  -3.500  -0.1715   0.00609   0.00119  -0.0431  0.6170  0.0548  -1.5978   0.0000  -0.0108
  -3.250  -0.1433   0.00607   0.00112  -0.0432  0.5953  0.0598  -1.4758   0.0000  -0.0612
  -3.000  -0.1149   0.00601   0.00107  -0.0432  0.5805  0.0687  -1.3624   0.0000  -0.1371
  -2.750  -0.0864   0.00600   0.00102  -0.0433  0.5613  0.0729  -1.2511   0.0000  -0.2637
  -2.500  -0.0582   0.00598   0.00097  -0.0433  0.5406  0.0835  -1.1432   0.0000  -0.5100
  -2.250  -0.0295   0.00594   0.00093  -0.0434  0.5289  0.0906  -1.0365   0.0000  -1.2491
  -2.000  -0.0013   0.00592   0.00090  -0.0434  0.5073  0.1017  -0.9341   0.0000  -33.4587
  -1.750   0.0270   0.00588   0.00086  -0.0434  0.4930  0.1174  -0.8489   0.0000   1.8783
  -1.500   0.0555   0.00586   0.00084  -0.0435  0.4760  0.1302  -0.7651   0.0000   1.0421
  -1.250   0.0840   0.00586   0.00082  -0.0436  0.4615  0.1419  -0.6831   0.0000   0.7728
  -1.000   0.1124   0.00582   0.00080  -0.0437  0.4468  0.1617  -0.6064   0.0000   0.6400
  -0.750   0.1406   0.00582   0.00079  -0.0437  0.4304  0.1797  -0.5474   0.0000   0.5611
  -0.500   0.1693   0.00578   0.00078  -0.0438  0.4191  0.1980  -0.5706   0.0000   0.5083
  -0.250   0.1975   0.00573   0.00078  -0.0439  0.4069  0.2299  -0.5937   0.0000   0.4710
   0.000   0.2259   0.00569   0.00078  -0.0439  0.3934  0.2560  -0.6188   0.0000   0.4429
   0.250   0.2543   0.00561   0.00077  -0.0440  0.3859  0.2944  -0.6440   0.0000   0.4212
   0.500   0.2818   0.00547   0.00077  -0.0440  0.3730  0.3670  -0.6688   0.0000   0.4039
   0.750   0.3100   0.00534   0.00078  -0.0441  0.3658  0.4234  -0.6955   0.0000   0.3897
   1.000   0.3382   0.00524   0.00079  -0.0442  0.3596  0.4741  -0.7229   0.0000   0.3778
   1.250   0.3664   0.00523   0.00082  -0.0442  0.3496  0.5086  -0.7505   0.0000   0.3676
   1.500   0.3948   0.00516   0.00084  -0.0443  0.3409  0.5507  -0.7804   0.0000   0.3589
   1.750   0.4233   0.00510   0.00087  -0.0444  0.3376  0.5892  -0.8107   0.0000   0.3514
   2.000   0.4516   0.00508   0.00091  -0.0445  0.3311  0.6217  -0.8428   0.0000   0.3448
   2.250   0.4798   0.00509   0.00095  -0.0446  0.3211  0.6543  -0.8757   0.0000   0.3389
   2.500   0.5082   0.00505   0.00100  -0.0446  0.3149  0.6929  -0.9115   0.0000   0.3337
   2.750   0.5366   0.00499   0.00103  -0.0447  0.3117  0.7327  -0.9493   0.0000   0.3289
   3.000   0.5644   0.00502   0.00110  -0.0447  0.3009  0.7676  -0.9898   0.0000   0.3246
   3.250   0.5922   0.00502   0.00116  -0.0446  0.2892  0.8061  -1.0350   0.0000   0.3206
   3.500   0.6197   0.00503   0.00123  -0.0445  0.2794  0.8446  -1.0865   0.0000   0.3168
   3.750   0.6468   0.00509   0.00131  -0.0443  0.2643  0.8780  -1.1469   0.0000   0.3133
   4.000   0.6729   0.00515   0.00142  -0.0439  0.2510  0.9161  -1.2144   0.0000   0.3098
   4.250   0.6988   0.00525   0.00152  -0.0434  0.2352  0.9441  -1.2883   0.0000   0.3065
   4.500   0.7243   0.00539   0.00163  -0.0428  0.2185  0.9621  -1.3719   0.0000   0.3033
   4.750   0.7502   0.00558   0.00175  -0.0424  0.2017  0.9726  -1.4587   0.0000   0.3004
   5.000   0.7762   0.00582   0.00189  -0.0420  0.1800  0.9804  -1.5570   0.0000   0.2978
   5.250   0.8049   0.00601   0.00202  -0.0422  0.1660  0.9863  -1.6666   0.0000   0.2959
   5.500   0.8322   0.00628   0.00218  -0.0422  0.1450  0.9915  -1.7753   0.0000   0.2939
   5.750   0.8617   0.00657   0.00237  -0.0427  0.1234  0.9941  -1.8910   0.0000   0.2925
   6.000   0.8926   0.00682   0.00254  -0.0435  0.1088  0.9958  -2.0327   0.0000   0.2915
   6.250   0.9235   0.00707   0.00271  -0.0443  0.0956  0.9971  -2.1769   0.0000   0.2904
   6.500   0.9541   0.00731   0.00288  -0.0450  0.0835  0.9983  -2.3234   0.0000   0.2894
   6.750   0.9843   0.00758   0.00307  -0.0457  0.0711  0.9994  -2.4720   0.0000   0.2884
   7.000   1.0128   0.00787   0.00329  -0.0460  0.0588  1.0000  -2.6191   0.0000   0.2871
   7.250   1.0364   0.00810   0.00346  -0.0452  0.0533  1.0000  -2.7568   0.0000   0.2850
   7.500   1.0606   0.00830   0.00364  -0.0445  0.0468  1.0000  -2.9181   0.0000   0.2830
   7.750   1.0855   0.00851   0.00382  -0.0440  0.0433  1.0000  -3.0907   0.0000   0.2812
   8.000   1.1104   0.00876   0.00402  -0.0435  0.0374  1.0000  -3.2660   0.0000   0.2796
   8.250   1.1363   0.00895   0.00419  -0.0432  0.0353  1.0000  -3.4488   0.0000   0.2781
   8.500   1.1616   0.00919   0.00441  -0.0428  0.0323  1.0000  -3.6332   0.0000   0.2766
   8.750   1.1869   0.00945   0.00462  -0.0424  0.0282  1.0000  -3.8206   0.0000   0.2752
   9.000   1.2129   0.00964   0.00481  -0.0422  0.0266  1.0000  -4.0145   0.0000   0.2739
   9.250   1.2386   0.00986   0.00503  -0.0419  0.0254  1.0000  -4.2102   0.0000   0.2726
   9.500   1.2634   0.01015   0.00528  -0.0415  0.0229  1.0000  -4.4066   0.0000   0.2712
   9.750   1.2883   0.01044   0.00554  -0.0411  0.0195  1.0000  -4.6060   0.0000   0.2699
  10.000   1.3138   0.01066   0.00576  -0.0408  0.0187  1.0000  -4.8126   0.0000   0.2687
  10.250   1.3392   0.01088   0.00598  -0.0405  0.0184  1.0000  -5.0227   0.0000   0.2675
  10.500   1.3641   0.01114   0.00623  -0.0401  0.0176  1.0000  -5.2344   0.0000   0.2663
  10.750   1.3882   0.01145   0.00652  -0.0396  0.0163  1.0000  -5.4459   0.0000   0.2651
  11.000   1.4118   0.01179   0.00684  -0.0391  0.0145  1.0000  -5.6646   0.0000   0.2638
  11.250   1.4354   0.01213   0.00717  -0.0385  0.0124  1.0000  -5.9105   0.0000   0.2625
  11.750   1.4835   0.01267   0.00772  -0.0375  0.0121  1.0000  -6.4278   0.0000   0.2602
  12.000   1.5073   0.01294   0.00800  -0.0370  0.0120  1.0000  -6.6922   0.0000   0.2591
  12.250   1.5307   0.01323   0.00830  -0.0365  0.0119  1.0000  -6.9594   0.0000   0.2579
  12.500   1.5537   0.01353   0.00860  -0.0359  0.0118  1.0000  -7.2287   0.0000   0.2567
  12.750   1.5761   0.01385   0.00893  -0.0352  0.0115  1.0000  -7.4997   0.0000   0.2555
  13.000   1.5977   0.01421   0.00930  -0.0344  0.0110  1.0000  -7.7697   0.0000   0.2543
  13.250   1.6180   0.01464   0.00972  -0.0334  0.0103  1.0000  -8.0356   0.0000   0.2529
  13.500   1.6369   0.01513   0.01020  -0.0322  0.0093  1.0000  -8.2945   0.0000   0.2515
  14.000   1.6690   0.01624   0.01135  -0.0288  0.0069  1.0000  -8.7682   0.0000   0.2482
  14.250   1.6844   0.01667   0.01180  -0.0270  0.0069  1.0000  -9.0194   0.0000   0.2465
  14.500   1.6997   0.01713   0.01229  -0.0252  0.0069  1.0000  -9.2725   0.0000   0.2448
  14.750   1.7146   0.01763   0.01282  -0.0235  0.0069  1.0000  -9.5258   0.0000   0.2432
  15.000   1.7290   0.01817   0.01339  -0.0218  0.0068  1.0000  -9.7792   0.0000   0.2416


