  -5.000  -0.3454   0.00611   0.00149  -0.0424  0.6366  0.0270  -2.5164   0.0000   0.1196
  -4.750  -0.3169   0.00605   0.00141  -0.0425  0.6194  0.0306  -2.3561   0.0000   0.1083
  -4.500  -0.2887   0.00600   0.00133  -0.0425  0.5982  0.0340  -2.2001   0.0000   0.0950
  -4.250  -0.2599   0.00593   0.00126  -0.0426  0.5887  0.0359  -2.0456   0.0000   0.0782
  -4.000  -0.2314   0.00593   0.00121  -0.0426  0.5673  0.0372  -1.8956   0.0000   0.0576
  -3.750  -0.2028   0.00587   0.00114  -0.0427  0.5551  0.0424  -1.7494   0.0000   0.0309
  -3.500  -0.1744   0.00584   0.00108  -0.0428  0.5347  0.0462  -1.6073   0.0000  -0.0042
  -3.250  -0.1458   0.00584   0.00103  -0.0428  0.5183  0.0489  -1.4824   0.0000  -0.0535
  -3.000  -0.1172   0.00576   0.00097  -0.0429  0.5049  0.0576  -1.3684   0.0000  -0.1270
  -2.750  -0.0886   0.00577   0.00094  -0.0430  0.4876  0.0611  -1.2566   0.0000  -0.2477
  -2.500  -0.0600   0.00571   0.00089  -0.0431  0.4737  0.0695  -1.1476   0.0000  -0.4849
  -2.250  -0.0315   0.00573   0.00087  -0.0431  0.4532  0.0735  -1.0411   0.0000  -1.1488
  -2.000  -0.0027   0.00567   0.00083  -0.0433  0.4450  0.0839  -0.9371   0.0000  -16.2974
  -1.750   0.0259   0.00569   0.00082  -0.0433  0.4272  0.0902  -0.8508   0.0000   1.9461
  -1.500   0.0546   0.00564   0.00078  -0.0434  0.4175  0.1031  -0.7666   0.0000   1.0537
  -1.250   0.0831   0.00563   0.00077  -0.0435  0.4027  0.1168  -0.6847   0.0000   0.7777
  -1.000   0.1120   0.00561   0.00075  -0.0437  0.3930  0.1270  -0.6068   0.0000   0.6414
  -0.750   0.1407   0.00558   0.00074  -0.0438  0.3836  0.1410  -0.5472   0.0000   0.5615
  -0.500   0.1692   0.00557   0.00074  -0.0439  0.3691  0.1570  -0.5704   0.0000   0.5087
  -0.250   0.1981   0.00551   0.00072  -0.0440  0.3651  0.1746  -0.5940   0.0000   0.4710
   0.000   0.2268   0.00548   0.00072  -0.0441  0.3574  0.1966  -0.6192   0.0000   0.4430
   0.250   0.2554   0.00547   0.00073  -0.0442  0.3467  0.2171  -0.6446   0.0000   0.4212
   0.500   0.2842   0.00542   0.00073  -0.0444  0.3406  0.2404  -0.6702   0.0000   0.4038
   0.750   0.3130   0.00536   0.00074  -0.0445  0.3371  0.2718  -0.6973   0.0000   0.3896
   1.000   0.3414   0.00530   0.00074  -0.0446  0.3305  0.3108  -0.7249   0.0000   0.3778
   1.250   0.3694   0.00518   0.00076  -0.0447  0.3213  0.3800  -0.7523   0.0000   0.3679
   1.500   0.3981   0.00510   0.00077  -0.0448  0.3152  0.4198  -0.7824   0.0000   0.3593
   1.750   0.4268   0.00502   0.00079  -0.0450  0.3136  0.4629  -0.8129   0.0000   0.3519
   2.000   0.4553   0.00499   0.00082  -0.0451  0.3072  0.4970  -0.8452   0.0000   0.3453
   2.250   0.4834   0.00500   0.00086  -0.0452  0.2932  0.5331  -0.8780   0.0000   0.3395
   2.500   0.5121   0.00498   0.00089  -0.0453  0.2878  0.5625  -0.9142   0.0000   0.3343
   2.750   0.5400   0.00503   0.00095  -0.0453  0.2736  0.5924  -0.9517   0.0000   0.3296
   3.000   0.5684   0.00504   0.00100  -0.0454  0.2630  0.6225  -0.9929   0.0000   0.3254
   3.250   0.5961   0.00512   0.00108  -0.0454  0.2449  0.6541  -1.0381   0.0000   0.3214
   3.500   0.6240   0.00517   0.00115  -0.0454  0.2331  0.6903  -1.0908   0.0000   0.3178
   3.750   0.6517   0.00520   0.00123  -0.0454  0.2178  0.7311  -1.1523   0.0000   0.3145
   4.000   0.6788   0.00531   0.00134  -0.0453  0.1972  0.7675  -1.2218   0.0000   0.3114
   4.250   0.7063   0.00538   0.00144  -0.0452  0.1868  0.8043  -1.2980   0.0000   0.3085
   4.500   0.7330   0.00548   0.00156  -0.0450  0.1674  0.8482  -1.3847   0.0000   0.3056
   4.750   0.7593   0.00556   0.00168  -0.0447  0.1511  0.8950  -1.4726   0.0000   0.3028
   5.000   0.7856   0.00569   0.00182  -0.0444  0.1350  0.9249  -1.5739   0.0000   0.3002
   5.250   0.8114   0.00590   0.00197  -0.0440  0.1154  0.9436  -1.6780   0.0000   0.2977
   5.500   0.8375   0.00608   0.00211  -0.0436  0.1015  0.9570  -1.7848   0.0000   0.2953
   5.750   0.8638   0.00628   0.00227  -0.0433  0.0887  0.9664  -1.8959   0.0000   0.2931
   6.000   0.8898   0.00644   0.00239  -0.0429  0.0813  0.9770  -2.0260   0.0000   0.2909
   6.250   0.9167   0.00662   0.00253  -0.0427  0.0715  0.9836  -2.1606   0.0000   0.2890
   6.500   0.9436   0.00686   0.00270  -0.0426  0.0594  0.9901  -2.2976   0.0000   0.2873
   7.250   1.0323   0.00748   0.00318  -0.0440  0.0417  0.9975  -2.7473   0.0000   0.2840
   7.500   1.0623   0.00767   0.00334  -0.0446  0.0363  0.9989  -2.9260   0.0000   0.2830
   7.750   1.0922   0.00785   0.00349  -0.0452  0.0345  0.9998  -3.1151   0.0000   0.2821
   8.000   1.1178   0.00808   0.00368  -0.0448  0.0308  1.0000  -3.2937   0.0000   0.2805
   8.250   1.1434   0.00826   0.00384  -0.0444  0.0270  1.0000  -3.4761   0.0000   0.2790
   8.500   1.1696   0.00842   0.00399  -0.0442  0.0263  1.0000  -3.6646   0.0000   0.2775
   8.750   1.1951   0.00866   0.00419  -0.0439  0.0239  1.0000  -3.8543   0.0000   0.2761
   9.000   1.2207   0.00891   0.00440  -0.0435  0.0205  1.0000  -4.0470   0.0000   0.2747
   9.250   1.2469   0.00909   0.00458  -0.0433  0.0188  1.0000  -4.2451   0.0000   0.2735
   9.500   1.2731   0.00927   0.00476  -0.0431  0.0186  1.0000  -4.4485   0.0000   0.2723
   9.750   1.2990   0.00947   0.00495  -0.0429  0.0180  1.0000  -4.6548   0.0000   0.2710
  10.000   1.3244   0.00972   0.00517  -0.0426  0.0168  1.0000  -4.8622   0.0000   0.2698
  10.250   1.3494   0.01000   0.00542  -0.0422  0.0152  1.0000  -5.0709   0.0000   0.2686
  10.500   1.3746   0.01025   0.00565  -0.0419  0.0135  1.0000  -5.2835   0.0000   0.2674
  10.750   1.3999   0.01049   0.00588  -0.0416  0.0121  1.0000  -5.4994   0.0000   0.2662
  11.000   1.4252   0.01070   0.00610  -0.0413  0.0121  1.0000  -5.7390   0.0000   0.2651
  11.250   1.4504   0.01093   0.00632  -0.0410  0.0120  1.0000  -5.9984   0.0000   0.2640
  11.500   1.4753   0.01116   0.00655  -0.0406  0.0119  1.0000  -6.2615   0.0000   0.2628
  11.750   1.5000   0.01140   0.00679  -0.0402  0.0118  1.0000  -6.5279   0.0000   0.2617
  12.000   1.5243   0.01167   0.00705  -0.0398  0.0115  1.0000  -6.7970   0.0000   0.2606
  12.250   1.5479   0.01197   0.00735  -0.0393  0.0109  1.0000  -7.0668   0.0000   0.2594
  12.500   1.5706   0.01233   0.00769  -0.0386  0.0101  1.0000  -7.3355   0.0000   0.2582
  12.750   1.5929   0.01269   0.00804  -0.0379  0.0092  1.0000  -7.6064   0.0000   0.2570
  13.000   1.6152   0.01305   0.00838  -0.0372  0.0080  1.0000  -7.8795   0.0000   0.2557
  13.750   1.6810   0.01405   0.00940  -0.0349  0.0069  1.0000  -8.7194   0.0000   0.2521
  14.000   1.7023   0.01438   0.00974  -0.0341  0.0068  1.0000  -9.0055   0.0000   0.2509
  14.250   1.7230   0.01473   0.01010  -0.0332  0.0068  1.0000  -9.2922   0.0000   0.2496
  14.500   1.7428   0.01509   0.01047  -0.0321  0.0068  1.0000  -9.5769   0.0000   0.2483
  14.750   1.7609   0.01545   0.01085  -0.0307  0.0068  1.0000  -9.8553   0.0000   0.2469
  15.000   1.7765   0.01584   0.01125  -0.0289  0.0068  1.0000  -10.1213   0.0000   0.2452


