  -5.000  -0.5447   0.00700   0.00222  -0.0032  0.9841  0.0491  -2.3071   0.0000   0.2393
  -4.950  -0.5385   0.00695   0.00219  -0.0034  0.9832  0.0518  -2.2671   0.0000   0.2390
  -4.900  -0.5323   0.00690   0.00215  -0.0035  0.9824  0.0539  -2.2271   0.0000   0.2387
  -4.850  -0.5260   0.00685   0.00212  -0.0037  0.9815  0.0557  -2.1873   0.0000   0.2383
  -4.800  -0.5198   0.00682   0.00210  -0.0038  0.9806  0.0572  -2.1475   0.0000   0.2380
  -4.750  -0.5137   0.00679   0.00207  -0.0039  0.9797  0.0584  -2.1085   0.0000   0.2377
  -4.700  -0.5085   0.00676   0.00205  -0.0038  0.9783  0.0592  -2.0725   0.0000   0.2378
  -4.650  -0.5032   0.00672   0.00202  -0.0038  0.9768  0.0618  -2.0367   0.0000   0.2379
  -4.600  -0.4978   0.00668   0.00199  -0.0037  0.9751  0.0647  -2.0010   0.0000   0.2380
  -4.550  -0.4924   0.00663   0.00196  -0.0037  0.9734  0.0671  -1.9712   0.0000   0.2380
  -4.500  -0.4870   0.00659   0.00193  -0.0036  0.9716  0.0692  -1.9416   0.0000   0.2380
  -4.450  -0.4814   0.00656   0.00190  -0.0036  0.9699  0.0709  -1.9120   0.0000   0.2380
  -4.400  -0.4758   0.00653   0.00188  -0.0036  0.9681  0.0722  -1.8824   0.0000   0.2380
  -4.350  -0.4703   0.00650   0.00185  -0.0036  0.9664  0.0748  -1.8531   0.0000   0.2380
  -4.300  -0.4649   0.00646   0.00182  -0.0035  0.9646  0.0785  -1.8244   0.0000   0.2380
  -4.250  -0.4596   0.00641   0.00179  -0.0035  0.9629  0.0815  -1.7960   0.0000   0.2381
  -4.200  -0.4542   0.00637   0.00177  -0.0034  0.9611  0.0840  -1.7677   0.0000   0.2382
  -4.150  -0.4489   0.00635   0.00174  -0.0033  0.9591  0.0859  -1.7394   0.0000   0.2382
  -4.100  -0.4435   0.00632   0.00172  -0.0033  0.9568  0.0878  -1.7113   0.0000   0.2383
  -4.050  -0.4383   0.00628   0.00170  -0.0032  0.9543  0.0922  -1.6838   0.0000   0.2385
  -4.000  -0.4331   0.00623   0.00167  -0.0031  0.9518  0.0959  -1.6565   0.0000   0.2386
  -3.950  -0.4280   0.00619   0.00164  -0.0030  0.9492  0.0991  -1.6293   0.0000   0.2388
  -3.900  -0.4227   0.00617   0.00161  -0.0029  0.9466  0.1014  -1.6021   0.0000   0.2390
  -3.850  -0.4174   0.00615   0.00159  -0.0028  0.9442  0.1038  -1.5749   0.0000   0.2391
  -3.800  -0.4121   0.00610   0.00157  -0.0028  0.9422  0.1090  -1.5478   0.0000   0.2392
  -3.750  -0.4068   0.00605   0.00154  -0.0027  0.9398  0.1133  -1.5211   0.0000   0.2393
  -3.700  -0.4015   0.00601   0.00151  -0.0026  0.9371  0.1172  -1.4945   0.0000   0.2394
  -3.650  -0.3962   0.00598   0.00149  -0.0026  0.9340  0.1220  -1.4686   0.0000   0.2395
  -3.600  -0.3912   0.00591   0.00144  -0.0024  0.9307  0.1312  -1.4447   0.0000   0.2397
  -3.550  -0.3861   0.00588   0.00142  -0.0023  0.9274  0.1352  -1.4185   0.0000   0.2400
  -3.450  -0.3755   0.00582   0.00137  -0.0022  0.9217  0.1439  -1.3660   0.0000   0.2402
  -3.400  -0.3701   0.00577   0.00135  -0.0021  0.9191  0.1492  -1.3398   0.0000   0.2403
  -3.350  -0.3647   0.00574   0.00132  -0.0021  0.9161  0.1533  -1.3137   0.0000   0.2403
  -3.300  -0.3593   0.00572   0.00131  -0.0020  0.9126  0.1561  -1.2876   0.0000   0.2404
  -3.250  -0.3540   0.00569   0.00128  -0.0020  0.9087  0.1618  -1.2620   0.0000   0.2406
  -3.200  -0.3489   0.00565   0.00126  -0.0019  0.9047  0.1676  -1.2370   0.0000   0.2409
  -3.150  -0.3437   0.00562   0.00123  -0.0018  0.9007  0.1723  -1.2118   0.0000   0.2411
  -3.100  -0.3381   0.00560   0.00122  -0.0017  0.8980  0.1756  -1.1878   0.0000   0.2410
  -3.050  -0.3327   0.00557   0.00120  -0.0017  0.8948  0.1808  -1.1666   0.0000   0.2411
  -3.000  -0.3273   0.00552   0.00118  -0.0017  0.8911  0.1874  -1.1459   0.0000   0.2412
  -2.950  -0.3220   0.00549   0.00115  -0.0016  0.8870  0.1925  -1.1251   0.0000   0.2413
  -2.900  -0.3167   0.00548   0.00114  -0.0015  0.8826  0.1966  -1.1044   0.0000   0.2415
  -2.850  -0.3115   0.00545   0.00112  -0.0014  0.8779  0.2036  -1.0841   0.0000   0.2417
  -2.800  -0.3062   0.00540   0.00109  -0.0014  0.8745  0.2119  -1.0638   0.0000   0.2418
  -2.750  -0.3007   0.00537   0.00107  -0.0014  0.8710  0.2176  -1.0432   0.0000   0.2418
  -2.700  -0.2953   0.00534   0.00106  -0.0013  0.8668  0.2244  -1.0228   0.0000   0.2419
  -2.650  -0.2900   0.00529   0.00103  -0.0013  0.8621  0.2328  -1.0029   0.0000   0.2420
  -2.600  -0.2847   0.00527   0.00102  -0.0012  0.8571  0.2386  -0.9829   0.0000   0.2422
  -2.550  -0.2794   0.00527   0.00100  -0.0011  0.8521  0.2421  -0.9628   0.0000   0.2423
  -2.500  -0.2739   0.00523   0.00098  -0.0011  0.8487  0.2492  -0.9427   0.0000   0.2424
  -2.450  -0.2685   0.00519   0.00097  -0.0011  0.8449  0.2557  -0.9228   0.0000   0.2424
  -2.400  -0.2630   0.00517   0.00095  -0.0011  0.8402  0.2610  -0.9029   0.0000   0.2425
  -2.350  -0.2576   0.00516   0.00094  -0.0010  0.8349  0.2652  -0.8831   0.0000   0.2426
  -2.300  -0.2523   0.00514   0.00092  -0.0009  0.8291  0.2735  -0.8661   0.0000   0.2428
  -2.250  -0.2470   0.00510   0.00090  -0.0009  0.8240  0.2820  -0.8499   0.0000   0.2429
  -2.200  -0.2415   0.00508   0.00089  -0.0009  0.8204  0.2881  -0.8333   0.0000   0.2429
  -2.150  -0.2360   0.00506   0.00088  -0.0009  0.8159  0.2944  -0.8168   0.0000   0.2429
  -2.100  -0.2306   0.00502   0.00086  -0.0008  0.8108  0.3030  -0.8007   0.0000   0.2431
  -2.050  -0.2253   0.00500   0.00085  -0.0008  0.8051  0.3091  -0.7845   0.0000   0.2432
  -2.000  -0.2198   0.00501   0.00083  -0.0007  0.7989  0.3132  -0.7683   0.0000   0.2433
  -1.950  -0.2142   0.00500   0.00082  -0.0007  0.7948  0.3170  -0.7519   0.0000   0.2433
  -1.900  -0.2088   0.00496   0.00081  -0.0007  0.7903  0.3255  -0.7359   0.0000   0.2433
  -1.850  -0.2034   0.00493   0.00080  -0.0007  0.7849  0.3330  -0.7199   0.0000   0.2434
  -1.800  -0.1980   0.00492   0.00078  -0.0006  0.7788  0.3388  -0.7036   0.0000   0.2435
  -1.750  -0.1926   0.00492   0.00077  -0.0006  0.7724  0.3448  -0.6890   0.0000   0.2437
  -1.700  -0.1872   0.00488   0.00075  -0.0006  0.7679  0.3540  -0.6756   0.0000   0.2437
  -1.650  -0.1816   0.00486   0.00074  -0.0005  0.7637  0.3608  -0.6620   0.0000   0.2437
  -1.600  -0.1761   0.00485   0.00073  -0.0005  0.7584  0.3654  -0.6484   0.0000   0.2437
  -1.550  -0.1706   0.00485   0.00073  -0.0005  0.7522  0.3697  -0.6349   0.0000   0.2438
  -1.500  -0.1653   0.00484   0.00072  -0.0005  0.7452  0.3782  -0.6218   0.0000   0.2440
  -1.450  -0.1598   0.00481   0.00070  -0.0004  0.7399  0.3857  -0.6085   0.0000   0.2441
  -1.400  -0.1542   0.00480   0.00070  -0.0004  0.7355  0.3916  -0.5951   0.0000   0.2440
  -1.350  -0.1487   0.00479   0.00069  -0.0004  0.7303  0.3965  -0.5827   0.0000   0.2440
  -1.300  -0.1433   0.00477   0.00068  -0.0004  0.7243  0.4052  -0.5713   0.0000   0.2441
  -1.250  -0.1379   0.00476   0.00067  -0.0003  0.7175  0.4122  -0.5600   0.0000   0.2443
  -1.200  -0.1324   0.00476   0.00067  -0.0003  0.7116  0.4179  -0.5486   0.0000   0.2443
  -1.150  -0.1267   0.00475   0.00066  -0.0003  0.7072  0.4220  -0.5370   0.0000   0.2442
  -1.100  -0.1212   0.00473   0.00065  -0.0003  0.7017  0.4301  -0.5257   0.0000   0.2442
  -1.050  -0.1159   0.00471   0.00065  -0.0003  0.6953  0.4380  -0.5152   0.0000   0.2444
  -1.000  -0.1104   0.00471   0.00064  -0.0003  0.6881  0.4443  -0.5053   0.0000   0.2446
  -0.950  -0.1048   0.00471   0.00063  -0.0002  0.6824  0.4488  -0.4953   0.0000   0.2445
  -0.900  -0.0992   0.00470   0.00063  -0.0002  0.6783  0.4550  -0.4853   0.0000   0.2444
  -0.850  -0.0938   0.00468   0.00062  -0.0002  0.6729  0.4634  -0.4755   0.0000   0.2444
  -0.800  -0.0883   0.00467   0.00062  -0.0002  0.6664  0.4702  -0.4661   0.0000   0.2446
  -0.750  -0.0829   0.00468   0.00062  -0.0002  0.6589  0.4755  -0.4574   0.0000   0.2447
  -0.700  -0.0773   0.00468   0.00061  -0.0002  0.6528  0.4797  -0.4485   0.0000   0.2446
  -0.650  -0.0717   0.00466   0.00061  -0.0002  0.6485  0.4880  -0.4398   0.0000   0.2445
  -0.600  -0.0663   0.00464   0.00060  -0.0001  0.6431  0.4954  -0.4312   0.0000   0.2446
  -0.550  -0.0608   0.00464   0.00060  -0.0001  0.6367  0.5017  -0.4232   0.0000   0.2447
  -0.500  -0.0552   0.00466   0.00060  -0.0001  0.6292  0.5062  -0.4154   0.0000   0.2448
  -0.450  -0.0497   0.00465   0.00060  -0.0001  0.6233  0.5125  -0.4076   0.0000   0.2446
  -0.400  -0.0442   0.00463   0.00059  -0.0001  0.6188  0.5204  -0.3999   0.0000   0.2447
  -0.350  -0.0387   0.00462   0.00059  -0.0001  0.6129  0.5270  -0.3924   0.0000   0.2447
  -0.300  -0.0332   0.00463   0.00059  -0.0001  0.6061  0.5324  -0.3854   0.0000   0.2448
  -0.250  -0.0276   0.00465   0.00059  -0.0001  0.5984  0.5365  -0.3784   0.0000   0.2448
  -0.200  -0.0221   0.00463   0.00059  -0.0000  0.5934  0.5445  -0.3714   0.0000   0.2447
  -0.150  -0.0166   0.00461   0.00058  -0.0000  0.5888  0.5520  -0.3645   0.0000   0.2448
  -0.100  -0.0110   0.00461   0.00058  -0.0000  0.5828  0.5582  -0.3581   0.0000   0.2448
  -0.050  -0.0055   0.00463   0.00059  -0.0000  0.5755  0.5630  -0.3518   0.0000   0.2451
   0.000   0.0000   0.00465   0.00059  -0.0000  0.5672  0.5672  -0.3455   0.0000   0.4012
   0.050   0.0055   0.00463   0.00059   0.0000  0.5630  0.5755  -0.3518   0.0000   0.2451
   0.100   0.0110   0.00461   0.00058   0.0000  0.5582  0.5828  -0.3581   0.0000   0.2448
   0.150   0.0166   0.00461   0.00058   0.0000  0.5520  0.5888  -0.3645   0.0000   0.2448
   0.200   0.0221   0.00463   0.00059   0.0000  0.5445  0.5934  -0.3714   0.0000   0.2447
   0.250   0.0276   0.00465   0.00059   0.0001  0.5365  0.5984  -0.3784   0.0000   0.2448
   0.300   0.0332   0.00463   0.00059   0.0001  0.5324  0.6061  -0.3854   0.0000   0.2448
   0.350   0.0387   0.00462   0.00059   0.0001  0.5270  0.6129  -0.3924   0.0000   0.2447
   0.400   0.0442   0.00463   0.00059   0.0001  0.5204  0.6188  -0.3999   0.0000   0.2447
   0.450   0.0497   0.00465   0.00060   0.0001  0.5124  0.6233  -0.4076   0.0000   0.2446
   0.500   0.0552   0.00466   0.00060   0.0001  0.5062  0.6293  -0.4154   0.0000   0.2448
   0.550   0.0608   0.00464   0.00060   0.0001  0.5017  0.6367  -0.4232   0.0000   0.2447
   0.600   0.0663   0.00464   0.00060   0.0001  0.4954  0.6431  -0.4312   0.0000   0.2446
   0.650   0.0717   0.00466   0.00061   0.0002  0.4880  0.6485  -0.4398   0.0000   0.2445
   0.700   0.0773   0.00468   0.00061   0.0002  0.4797  0.6528  -0.4486   0.0000   0.2446
   0.750   0.0829   0.00468   0.00062   0.0002  0.4755  0.6589  -0.4574   0.0000   0.2447
   0.800   0.0883   0.00467   0.00062   0.0002  0.4702  0.6664  -0.4661   0.0000   0.2446
   0.850   0.0938   0.00468   0.00062   0.0002  0.4634  0.6729  -0.4755   0.0000   0.2444
   0.900   0.0992   0.00470   0.00063   0.0002  0.4550  0.6783  -0.4853   0.0000   0.2444
   0.950   0.1048   0.00471   0.00063   0.0002  0.4488  0.6824  -0.4953   0.0000   0.2445
   1.000   0.1104   0.00471   0.00064   0.0002  0.4443  0.6882  -0.5053   0.0000   0.2446
   1.050   0.1159   0.00471   0.00065   0.0003  0.4380  0.6953  -0.5152   0.0000   0.2444
   1.100   0.1212   0.00473   0.00065   0.0003  0.4301  0.7017  -0.5257   0.0000   0.2442
   1.150   0.1267   0.00475   0.00066   0.0003  0.4220  0.7072  -0.5370   0.0000   0.2442
   1.200   0.1324   0.00476   0.00067   0.0003  0.4179  0.7116  -0.5486   0.0000   0.2443
   1.250   0.1379   0.00476   0.00067   0.0003  0.4122  0.7176  -0.5600   0.0000   0.2443
   1.300   0.1433   0.00477   0.00068   0.0004  0.4052  0.7243  -0.5713   0.0000   0.2441
   1.350   0.1487   0.00479   0.00069   0.0004  0.3964  0.7303  -0.5827   0.0000   0.2440
   1.400   0.1542   0.00480   0.00070   0.0004  0.3916  0.7355  -0.5951   0.0000   0.2440
   1.450   0.1598   0.00481   0.00070   0.0004  0.3857  0.7399  -0.6085   0.0000   0.2441
   1.500   0.1653   0.00484   0.00072   0.0005  0.3782  0.7453  -0.6218   0.0000   0.2440
   1.550   0.1706   0.00485   0.00073   0.0005  0.3697  0.7522  -0.6349   0.0000   0.2438
   1.600   0.1761   0.00485   0.00073   0.0005  0.3654  0.7584  -0.6484   0.0000   0.2437
   1.650   0.1816   0.00486   0.00074   0.0005  0.3608  0.7637  -0.6620   0.0000   0.2437
   1.700   0.1872   0.00488   0.00075   0.0005  0.3540  0.7679  -0.6756   0.0000   0.2437
   1.750   0.1926   0.00492   0.00077   0.0006  0.3448  0.7724  -0.6890   0.0000   0.2437
   1.800   0.1980   0.00492   0.00078   0.0006  0.3388  0.7788  -0.7036   0.0000   0.2435
   1.850   0.2034   0.00493   0.00080   0.0007  0.3330  0.7849  -0.7199   0.0000   0.2434
   1.900   0.2088   0.00496   0.00081   0.0007  0.3254  0.7903  -0.7359   0.0000   0.2433
   1.950   0.2142   0.00500   0.00082   0.0007  0.3170  0.7948  -0.7519   0.0000   0.2433
   2.000   0.2199   0.00501   0.00083   0.0007  0.3132  0.7989  -0.7683   0.0000   0.2433
   2.050   0.2253   0.00500   0.00085   0.0008  0.3091  0.8051  -0.7845   0.0000   0.2432
   2.100   0.2306   0.00502   0.00086   0.0008  0.3030  0.8108  -0.8007   0.0000   0.2431
   2.150   0.2360   0.00506   0.00088   0.0009  0.2944  0.8159  -0.8168   0.0000   0.2429
   2.200   0.2415   0.00508   0.00089   0.0009  0.2881  0.8204  -0.8333   0.0000   0.2429
   2.250   0.2470   0.00510   0.00090   0.0009  0.2820  0.8240  -0.8499   0.0000   0.2429
   2.300   0.2523   0.00514   0.00092   0.0009  0.2735  0.8291  -0.8661   0.0000   0.2428
   2.350   0.2576   0.00516   0.00094   0.0010  0.2652  0.8349  -0.8832   0.0000   0.2426
   2.400   0.2630   0.00517   0.00095   0.0011  0.2610  0.8402  -0.9029   0.0000   0.2425
   2.450   0.2685   0.00519   0.00097   0.0011  0.2557  0.8449  -0.9228   0.0000   0.2424
   2.500   0.2739   0.00523   0.00098   0.0011  0.2492  0.8487  -0.9427   0.0000   0.2424
   2.550   0.2794   0.00527   0.00100   0.0011  0.2421  0.8521  -0.9628   0.0000   0.2424
   2.600   0.2847   0.00527   0.00102   0.0012  0.2386  0.8571  -0.9829   0.0000   0.2422
   2.650   0.2901   0.00529   0.00103   0.0013  0.2328  0.8621  -1.0029   0.0000   0.2420
   2.700   0.2953   0.00534   0.00106   0.0013  0.2244  0.8668  -1.0228   0.0000   0.2419
   2.750   0.3007   0.00537   0.00107   0.0014  0.2176  0.8710  -1.0432   0.0000   0.2418
   2.800   0.3062   0.00540   0.00109   0.0014  0.2118  0.8745  -1.0639   0.0000   0.2418
   2.850   0.3115   0.00545   0.00112   0.0014  0.2036  0.8779  -1.0842   0.0000   0.2417
   2.900   0.3167   0.00548   0.00114   0.0015  0.1965  0.8826  -1.1044   0.0000   0.2415
   2.950   0.3220   0.00549   0.00115   0.0016  0.1925  0.8870  -1.1251   0.0000   0.2413
   3.000   0.3274   0.00552   0.00118   0.0017  0.1873  0.8911  -1.1459   0.0000   0.2412
   3.050   0.3327   0.00557   0.00120   0.0017  0.1808  0.8948  -1.1666   0.0000   0.2411
   3.100   0.3382   0.00560   0.00122   0.0017  0.1756  0.8980  -1.1878   0.0000   0.2411
   3.150   0.3437   0.00562   0.00123   0.0018  0.1723  0.9007  -1.2119   0.0000   0.2411
   3.200   0.3489   0.00565   0.00126   0.0019  0.1676  0.9047  -1.2370   0.0000   0.2409
   3.250   0.3540   0.00569   0.00128   0.0020  0.1618  0.9087  -1.2621   0.0000   0.2406
   3.300   0.3593   0.00572   0.00131   0.0020  0.1561  0.9126  -1.2876   0.0000   0.2404
   3.350   0.3647   0.00574   0.00132   0.0021  0.1533  0.9161  -1.3137   0.0000   0.2404
   3.400   0.3701   0.00577   0.00135   0.0021  0.1492  0.9191  -1.3399   0.0000   0.2403
   3.450   0.3755   0.00582   0.00137   0.0022  0.1439  0.9217  -1.3660   0.0000   0.2402
   3.500   0.3808   0.00586   0.00140   0.0022  0.1378  0.9241  -1.3923   0.0000   0.2402
   3.550   0.3861   0.00588   0.00142   0.0023  0.1352  0.9274  -1.4186   0.0000   0.2400
   3.600   0.3912   0.00591   0.00144   0.0024  0.1312  0.9307  -1.4448   0.0000   0.2398
   3.650   0.3962   0.00598   0.00149   0.0026  0.1219  0.9340  -1.4686   0.0000   0.2395
   3.700   0.4015   0.00601   0.00151   0.0026  0.1172  0.9371  -1.4945   0.0000   0.2394
   3.750   0.4068   0.00605   0.00154   0.0027  0.1133  0.9398  -1.5211   0.0000   0.2393
   3.800   0.4121   0.00610   0.00157   0.0028  0.1090  0.9422  -1.5479   0.0000   0.2392
   3.850   0.4175   0.00615   0.00159   0.0028  0.1037  0.9442  -1.5749   0.0000   0.2391
   3.900   0.4228   0.00617   0.00161   0.0029  0.1014  0.9466  -1.6021   0.0000   0.2390
   3.950   0.4280   0.00619   0.00164   0.0030  0.0990  0.9492  -1.6294   0.0000   0.2388
   4.000   0.4332   0.00623   0.00167   0.0031  0.0959  0.9518  -1.6566   0.0000   0.2386
   4.050   0.4383   0.00628   0.00170   0.0032  0.0922  0.9543  -1.6838   0.0000   0.2385
   4.100   0.4435   0.00632   0.00172   0.0033  0.0877  0.9568  -1.7113   0.0000   0.2383
   4.150   0.4489   0.00635   0.00174   0.0033  0.0859  0.9591  -1.7395   0.0000   0.2382
   4.200   0.4543   0.00637   0.00177   0.0034  0.0840  0.9611  -1.7678   0.0000   0.2382
   4.250   0.4596   0.00641   0.00179   0.0035  0.0815  0.9629  -1.7961   0.0000   0.2381
   4.300   0.4649   0.00646   0.00182   0.0035  0.0785  0.9646  -1.8245   0.0000   0.2380
   4.350   0.4703   0.00650   0.00185   0.0036  0.0748  0.9664  -1.8532   0.0000   0.2380
   4.400   0.4759   0.00653   0.00188   0.0036  0.0722  0.9681  -1.8824   0.0000   0.2380
   4.450   0.4814   0.00656   0.00190   0.0036  0.0709  0.9699  -1.9120   0.0000   0.2380
   4.500   0.4870   0.00659   0.00193   0.0036  0.0692  0.9716  -1.9417   0.0000   0.2380
   4.550   0.4925   0.00663   0.00196   0.0037  0.0671  0.9734  -1.9713   0.0000   0.2380
   4.600   0.4979   0.00668   0.00199   0.0037  0.0647  0.9751  -2.0011   0.0000   0.2380
   4.650   0.5032   0.00672   0.00202   0.0038  0.0618  0.9768  -2.0368   0.0000   0.2379
   4.700   0.5085   0.00676   0.00205   0.0038  0.0592  0.9783  -2.0726   0.0000   0.2378
   4.750   0.5137   0.00679   0.00207   0.0039  0.0584  0.9797  -2.1085   0.0000   0.2377
   4.800   0.5198   0.00682   0.00210   0.0038  0.0572  0.9807  -2.1476   0.0000   0.2380
   4.850   0.5261   0.00685   0.00212   0.0037  0.0557  0.9815  -2.1873   0.0000   0.2383
   4.900   0.5323   0.00690   0.00215   0.0035  0.0539  0.9824  -2.2272   0.0000   0.2387
   4.950   0.5385   0.00695   0.00219   0.0034  0.0518  0.9832  -2.2671   0.0000   0.2390
   5.000   0.5447   0.00700   0.00222   0.0032  0.0491  0.9841  -2.3072   0.0000   0.2393
   5.050   0.5509   0.00704   0.00225   0.0031  0.0470  0.9850  -2.3477   0.0000   0.2396
   5.100   0.5572   0.00707   0.00228   0.0029  0.0463  0.9858  -2.3887   0.0000   0.2399
   5.150   0.5633   0.00710   0.00231   0.0028  0.0452  0.9866  -2.4295   0.0000   0.2401
   5.200   0.5693   0.00714   0.00234   0.0027  0.0438  0.9875  -2.4700   0.0000   0.2403
   5.250   0.5752   0.00719   0.00237   0.0026  0.0423  0.9883  -2.5105   0.0000   0.2405
   5.300   0.5811   0.00724   0.00241   0.0025  0.0407  0.9892  -2.5510   0.0000   0.2407
   5.350   0.5870   0.00729   0.00245   0.0024  0.0389  0.9900  -2.5917   0.0000   0.2408
   5.400   0.5930   0.00733   0.00250   0.0024  0.0370  0.9908  -2.6296   0.0000   0.2409
   5.450   0.5989   0.00736   0.00253   0.0023  0.0362  0.9915  -2.6704   0.0000   0.2411
   5.500   0.6047   0.00739   0.00255   0.0022  0.0359  0.9922  -2.7115   0.0000   0.2412
   5.550   0.6107   0.00743   0.00258   0.0022  0.0354  0.9929  -2.7532   0.0000   0.2413
   5.600   0.6173   0.00746   0.00262   0.0019  0.0347  0.9931  -2.7978   0.0000   0.2417
   5.650   0.6240   0.00750   0.00265   0.0016  0.0339  0.9933  -2.8427   0.0000   0.2421
   5.700   0.6307   0.00755   0.00268   0.0014  0.0330  0.9935  -2.8878   0.0000   0.2425
   5.750   0.6373   0.00760   0.00272   0.0011  0.0320  0.9937  -2.9331   0.0000   0.2429
   5.800   0.6439   0.00765   0.00276   0.0009  0.0309  0.9939  -2.9783   0.0000   0.2433
   5.850   0.6506   0.00770   0.00280   0.0006  0.0295  0.9941  -3.0236   0.0000   0.2436
   5.900   0.6572   0.00775   0.00284   0.0004  0.0281  0.9943  -3.0688   0.0000   0.2440
   5.950   0.6637   0.00780   0.00289   0.0002  0.0269  0.9945  -3.1139   0.0000   0.2443
   6.000   0.6704   0.00783   0.00292  -0.0001  0.0268  0.9947  -3.1608   0.0000   0.2446
   6.050   0.6770   0.00786   0.00295  -0.0003  0.0267  0.9949  -3.2079   0.0000   0.2449
   6.100   0.6836   0.00789   0.00298  -0.0006  0.0265  0.9951  -3.2551   0.0000   0.2452
   6.150   0.6902   0.00793   0.00302  -0.0008  0.0262  0.9954  -3.3024   0.0000   0.2455
   6.200   0.6968   0.00797   0.00305  -0.0010  0.0258  0.9956  -3.3498   0.0000   0.2458
   6.250   0.7033   0.00801   0.00309  -0.0013  0.0254  0.9958  -3.3973   0.0000   0.2461
   6.300   0.7098   0.00805   0.00312  -0.0015  0.0249  0.9961  -3.4449   0.0000   0.2463
   6.350   0.7163   0.00809   0.00316  -0.0017  0.0243  0.9963  -3.4925   0.0000   0.2466
   6.400   0.7228   0.00814   0.00320  -0.0019  0.0237  0.9966  -3.5403   0.0000   0.2468
   6.450   0.7292   0.00819   0.00324  -0.0021  0.0231  0.9968  -3.5881   0.0000   0.2470
   6.500   0.7356   0.00825   0.00329  -0.0023  0.0224  0.9971  -3.6358   0.0000   0.2472
   6.550   0.7421   0.00830   0.00333  -0.0025  0.0215  0.9973  -3.6832   0.0000   0.2474
   6.600   0.7485   0.00836   0.00339  -0.0027  0.0206  0.9976  -3.7301   0.0000   0.2476
   6.650   0.7548   0.00842   0.00345  -0.0029  0.0196  0.9978  -3.7759   0.0000   0.2478
   6.700   0.7612   0.00849   0.00352  -0.0031  0.0188  0.9981  -3.8214   0.0000   0.2480
   6.750   0.7677   0.00852   0.00356  -0.0033  0.0188  0.9983  -3.8717   0.0000   0.2482
   6.800   0.7741   0.00856   0.00359  -0.0035  0.0188  0.9985  -3.9221   0.0000   0.2484
   6.850   0.7806   0.00859   0.00362  -0.0038  0.0187  0.9987  -3.9727   0.0000   0.2485
   6.900   0.7871   0.00862   0.00365  -0.0040  0.0186  0.9989  -4.0234   0.0000   0.2487
   6.950   0.7935   0.00866   0.00370  -0.0042  0.0185  0.9991  -4.0757   0.0000   0.2489
   7.000   0.7999   0.00869   0.00374  -0.0044  0.0184  0.9992  -4.1279   0.0000   0.2491
   7.050   0.8064   0.00873   0.00377  -0.0046  0.0182  0.9994  -4.1798   0.0000   0.2492
   7.100   0.8128   0.00877   0.00381  -0.0048  0.0180  0.9996  -4.2316   0.0000   0.2494
   7.150   0.8192   0.00881   0.00385  -0.0050  0.0177  0.9997  -4.2833   0.0000   0.2495
   7.200   0.8256   0.00886   0.00389  -0.0052  0.0174  0.9999  -4.3351   0.0000   0.2497
   7.250   0.8320   0.00890   0.00393  -0.0054  0.0171  1.0000  -4.3868   0.0000   0.2498
   7.300   0.8366   0.00895   0.00397  -0.0052  0.0168  1.0000  -4.4310   0.0000   0.2495
   7.350   0.8412   0.00900   0.00401  -0.0050  0.0165  1.0000  -4.4751   0.0000   0.2492
   7.400   0.8458   0.00904   0.00405  -0.0048  0.0162  1.0000  -4.5190   0.0000   0.2489
   7.450   0.8504   0.00909   0.00410  -0.0046  0.0159  1.0000  -4.5630   0.0000   0.2486
   7.500   0.8549   0.00914   0.00414  -0.0044  0.0156  1.0000  -4.6070   0.0000   0.2483
   7.550   0.8595   0.00919   0.00419  -0.0042  0.0153  1.0000  -4.6510   0.0000   0.2480
   7.600   0.8641   0.00925   0.00424  -0.0040  0.0150  1.0000  -4.6947   0.0000   0.2477
   7.650   0.8687   0.00930   0.00429  -0.0038  0.0147  1.0000  -4.7383   0.0000   0.2474
   7.700   0.8733   0.00935   0.00435  -0.0036  0.0144  1.0000  -4.7817   0.0000   0.2471
   7.750   0.8780   0.00941   0.00441  -0.0035  0.0141  1.0000  -4.8249   0.0000   0.2468
   7.800   0.8826   0.00947   0.00447  -0.0033  0.0138  1.0000  -4.8679   0.0000   0.2465
   7.850   0.8872   0.00953   0.00453  -0.0031  0.0135  1.0000  -4.9108   0.0000   0.2462
   7.900   0.8918   0.00959   0.00460  -0.0029  0.0132  1.0000  -4.9534   0.0000   0.2459
   7.950   0.8964   0.00966   0.00468  -0.0027  0.0130  1.0000  -5.0003   0.0000   0.2456
   8.000   0.9010   0.00973   0.00476  -0.0025  0.0127  1.0000  -5.0530   0.0000   0.2453
   8.050   0.9055   0.00981   0.00485  -0.0023  0.0124  1.0000  -5.1051   0.0000   0.2450
   8.100   0.9100   0.00990   0.00496  -0.0021  0.0121  1.0000  -5.1564   0.0000   0.2447
   8.150   0.9149   0.00993   0.00499  -0.0019  0.0121  1.0000  -5.2147   0.0000   0.2445
   8.200   0.9198   0.00996   0.00502  -0.0018  0.0121  1.0000  -5.2734   0.0000   0.2443
   8.250   0.9246   0.01000   0.00505  -0.0017  0.0121  1.0000  -5.3325   0.0000   0.2441
   8.300   0.9295   0.01003   0.00509  -0.0015  0.0121  1.0000  -5.3919   0.0000   0.2439
   8.350   0.9345   0.01006   0.00512  -0.0014  0.0121  1.0000  -5.4516   0.0000   0.2437
   8.400   0.9394   0.01010   0.00515  -0.0013  0.0121  1.0000  -5.5116   0.0000   0.2435
   8.450   0.9443   0.01013   0.00518  -0.0012  0.0120  1.0000  -5.5719   0.0000   0.2433
   8.500   0.9492   0.01017   0.00522  -0.0010  0.0120  1.0000  -5.6325   0.0000   0.2431
   8.550   0.9542   0.01021   0.00525  -0.0009  0.0120  1.0000  -5.6933   0.0000   0.2429
   8.600   0.9591   0.01024   0.00529  -0.0008  0.0119  1.0000  -5.7543   0.0000   0.2428
   8.650   0.9640   0.01028   0.00533  -0.0007  0.0119  1.0000  -5.8156   0.0000   0.2426
   8.700   0.9690   0.01032   0.00536  -0.0006  0.0118  1.0000  -5.8771   0.0000   0.2424
   8.750   0.9739   0.01036   0.00542  -0.0005  0.0118  1.0000  -5.9405   0.0000   0.2422
   8.800   0.9788   0.01040   0.00546  -0.0003  0.0117  1.0000  -6.0028   0.0000   0.2420
   8.850   0.9838   0.01044   0.00550  -0.0002  0.0116  1.0000  -6.0651   0.0000   0.2419
   8.900   0.9887   0.01049   0.00554  -0.0001  0.0115  1.0000  -6.1276   0.0000   0.2417
   8.950   0.9937   0.01053   0.00559  -0.0000  0.0114  1.0000  -6.1901   0.0000   0.2415
   9.000   0.9986   0.01058   0.00564   0.0001  0.0113  1.0000  -6.2527   0.0000   0.2414
   9.050   1.0036   0.01063   0.00569   0.0002  0.0111  1.0000  -6.3152   0.0000   0.2412
   9.100   1.0085   0.01068   0.00574   0.0003  0.0110  1.0000  -6.3776   0.0000   0.2410
   9.150   1.0134   0.01074   0.00580   0.0004  0.0108  1.0000  -6.4401   0.0000   0.2409
   9.200   1.0184   0.01080   0.00586   0.0005  0.0106  1.0000  -6.5025   0.0000   0.2407
   9.250   1.0233   0.01087   0.00592   0.0006  0.0104  1.0000  -6.5649   0.0000   0.2405
   9.300   1.0282   0.01093   0.00598   0.0007  0.0102  1.0000  -6.6273   0.0000   0.2404
   9.350   1.0330   0.01100   0.00605   0.0009  0.0100  1.0000  -6.6897   0.0000   0.2402
   9.400   1.0379   0.01107   0.00612   0.0010  0.0099  1.0000  -6.7523   0.0000   0.2400
   9.450   1.0428   0.01114   0.00619   0.0011  0.0097  1.0000  -6.8149   0.0000   0.2399
   9.500   1.0477   0.01121   0.00626   0.0012  0.0096  1.0000  -6.8776   0.0000   0.2397
   9.550   1.0526   0.01129   0.00633   0.0013  0.0094  1.0000  -6.9404   0.0000   0.2395
   9.600   1.0575   0.01136   0.00641   0.0014  0.0093  1.0000  -7.0031   0.0000   0.2394
   9.650   1.0624   0.01144   0.00649   0.0015  0.0091  1.0000  -7.0658   0.0000   0.2392
   9.700   1.0672   0.01152   0.00658   0.0016  0.0090  1.0000  -7.1286   0.0000   0.2391
   9.750   1.0721   0.01160   0.00666   0.0017  0.0089  1.0000  -7.1915   0.0000   0.2389
   9.800   1.0770   0.01168   0.00675   0.0018  0.0088  1.0000  -7.2545   0.0000   0.2387
   9.850   1.0818   0.01176   0.00684   0.0020  0.0087  1.0000  -7.3176   0.0000   0.2386
   9.900   1.0867   0.01184   0.00693   0.0021  0.0086  1.0000  -7.3810   0.0000   0.2384
   9.950   1.0916   0.01193   0.00702   0.0022  0.0085  1.0000  -7.4444   0.0000   0.2383
  10.000   1.0964   0.01201   0.00712   0.0023  0.0085  1.0000  -7.5080   0.0000   0.2381
  10.050   1.1013   0.01210   0.00721   0.0024  0.0084  1.0000  -7.5718   0.0000   0.2379
  10.100   1.1061   0.01219   0.00731   0.0025  0.0083  1.0000  -7.6357   0.0000   0.2378
  10.150   1.1109   0.01227   0.00741   0.0026  0.0083  1.0000  -7.6998   0.0000   0.2376
  10.200   1.1157   0.01236   0.00751   0.0027  0.0082  1.0000  -7.7640   0.0000   0.2375
  10.250   1.1205   0.01246   0.00761   0.0029  0.0081  1.0000  -7.8283   0.0000   0.2373
  10.300   1.1253   0.01255   0.00772   0.0030  0.0081  1.0000  -7.8927   0.0000   0.2371
  10.350   1.1301   0.01264   0.00782   0.0031  0.0080  1.0000  -7.9572   0.0000   0.2370
  10.400   1.1349   0.01274   0.00793   0.0032  0.0080  1.0000  -8.0218   0.0000   0.2368
  10.450   1.1396   0.01284   0.00804   0.0033  0.0079  1.0000  -8.0864   0.0000   0.2367
  10.550   1.1490   0.01305   0.00829   0.0036  0.0078  1.0000  -8.2136   0.0000   0.2363
  10.600   1.1537   0.01315   0.00841   0.0037  0.0078  1.0000  -8.2779   0.0000   0.2362
  10.650   1.1584   0.01326   0.00853   0.0038  0.0077  1.0000  -8.3423   0.0000   0.2360
  10.700   1.1630   0.01337   0.00866   0.0040  0.0077  1.0000  -8.4067   0.0000   0.2358
  10.750   1.1676   0.01349   0.00878   0.0041  0.0076  1.0000  -8.4710   0.0000   0.2357
  10.800   1.1722   0.01361   0.00892   0.0042  0.0076  1.0000  -8.5353   0.0000   0.2355
  10.850   1.1768   0.01373   0.00905   0.0044  0.0076  1.0000  -8.5995   0.0000   0.2353
  10.900   1.1813   0.01385   0.00919   0.0045  0.0075  1.0000  -8.6636   0.0000   0.2351
  10.950   1.1858   0.01398   0.00934   0.0047  0.0075  1.0000  -8.7274   0.0000   0.2350
  11.000   1.1902   0.01411   0.00949   0.0048  0.0074  1.0000  -8.7910   0.0000   0.2348
  11.050   1.1946   0.01425   0.00964   0.0050  0.0074  1.0000  -8.8543   0.0000   0.2346
  11.100   1.1990   0.01439   0.00981   0.0051  0.0074  1.0000  -8.9172   0.0000   0.2344
  11.150   1.2033   0.01454   0.00997   0.0053  0.0073  1.0000  -8.9797   0.0000   0.2342
  11.200   1.2075   0.01469   0.01015   0.0055  0.0073  1.0000  -9.0416   0.0000   0.2340
  11.250   1.2117   0.01485   0.01033   0.0057  0.0072  1.0000  -9.1028   0.0000   0.2338
  11.300   1.2158   0.01503   0.01053   0.0059  0.0072  1.0000  -9.1633   0.0000   0.2336
  11.350   1.2198   0.01521   0.01074   0.0061  0.0071  1.0000  -9.2228   0.0000   0.2334
  11.400   1.2237   0.01540   0.01096   0.0063  0.0071  1.0000  -9.2812   0.0000   0.2331
  11.450   1.2275   0.01561   0.01119   0.0065  0.0071  1.0000  -9.3380   0.0000   0.2329
  11.500   1.2311   0.01583   0.01145   0.0068  0.0070  1.0000  -9.3930   0.0000   0.2326
  11.550   1.2345   0.01608   0.01174   0.0070  0.0070  1.0000  -9.4455   0.0000   0.2324
  11.600   1.2377   0.01636   0.01206   0.0073  0.0069  1.0000  -9.4948   0.0000   0.2321
  11.650   1.2416   0.01654   0.01225   0.0075  0.0069  1.0000  -9.5567   0.0000   0.2318
  11.700   1.2464   0.01661   0.01233   0.0076  0.0069  1.0000  -9.6319   0.0000   0.2317
  11.750   1.2512   0.01668   0.01240   0.0077  0.0069  1.0000  -9.7074   0.0000   0.2316
  11.800   1.2560   0.01675   0.01247   0.0078  0.0069  1.0000  -9.7832   0.0000   0.2315
  11.850   1.2608   0.01681   0.01254   0.0079  0.0069  1.0000  -9.8594   0.0000   0.2314
  11.900   1.2656   0.01688   0.01261   0.0080  0.0069  1.0000  -9.9358   0.0000   0.2312
  11.950   1.2704   0.01695   0.01268   0.0080  0.0069  1.0000  -10.0126   0.0000   0.2311
  12.000   1.2752   0.01701   0.01275   0.0081  0.0069  1.0000  -10.0896   0.0000   0.2310
  12.050   1.2800   0.01708   0.01281   0.0082  0.0069  1.0000  -10.1670   0.0000   0.2309
  12.100   1.2848   0.01714   0.01288   0.0083  0.0068  1.0000  -10.2447   0.0000   0.2308
  12.150   1.2896   0.01721   0.01295   0.0084  0.0068  1.0000  -10.3227   0.0000   0.2307
  12.200   1.2943   0.01727   0.01301   0.0085  0.0068  1.0000  -10.4010   0.0000   0.2305
  12.250   1.2991   0.01734   0.01308   0.0085  0.0068  1.0000  -10.4796   0.0000   0.2304
  12.300   1.3039   0.01740   0.01314   0.0086  0.0068  1.0000  -10.5585   0.0000   0.2303
  12.350   1.3087   0.01746   0.01321   0.0087  0.0068  1.0000  -10.6376   0.0000   0.2302
  12.400   1.3133   0.01754   0.01330   0.0088  0.0068  1.0000  -10.7159   0.0000   0.2301
  12.450   1.3181   0.01761   0.01337   0.0089  0.0068  1.0000  -10.7956   0.0000   0.2299
  12.500   1.3228   0.01767   0.01343   0.0090  0.0068  1.0000  -10.8756   0.0000   0.2298
  12.550   1.3276   0.01773   0.01349   0.0090  0.0068  1.0000  -10.9559   0.0000   0.2297
  12.600   1.3323   0.01779   0.01356   0.0091  0.0068  1.0000  -11.0365   0.0000   0.2296
  12.650   1.3371   0.01786   0.01362   0.0092  0.0068  1.0000  -11.1174   0.0000   0.2295
  12.700   1.3418   0.01792   0.01368   0.0093  0.0068  1.0000  -11.1986   0.0000   0.2293
  12.750   1.3466   0.01798   0.01374   0.0094  0.0068  1.0000  -11.2800   0.0000   0.2292
  12.800   1.3513   0.01804   0.01380   0.0095  0.0068  1.0000  -11.3617   0.0000   0.2291
  12.850   1.3560   0.01810   0.01387   0.0095  0.0068  1.0000  -11.4435   0.0000   0.2290
  12.900   1.3607   0.01816   0.01393   0.0096  0.0068  1.0000  -11.5257   0.0000   0.2289
  12.950   1.3655   0.01822   0.01399   0.0097  0.0068  1.0000  -11.6080   0.0000   0.2287
  13.000   1.3702   0.01828   0.01405   0.0098  0.0067  1.0000  -11.6906   0.0000   0.2286
  13.050   1.3749   0.01834   0.01411   0.0099  0.0067  1.0000  -11.7733   0.0000   0.2285
  13.100   1.3796   0.01840   0.01417   0.0100  0.0067  1.0000  -11.8563   0.0000   0.2284
  13.150   1.3842   0.01847   0.01424   0.0101  0.0067  1.0000  -11.9394   0.0000   0.2282
  13.200   1.3889   0.01853   0.01430   0.0102  0.0067  1.0000  -12.0227   0.0000   0.2281
  13.250   1.3936   0.01859   0.01436   0.0102  0.0067  1.0000  -12.1062   0.0000   0.2280
  13.300   1.3982   0.01865   0.01442   0.0103  0.0067  1.0000  -12.1898   0.0000   0.2279
  13.350   1.4029   0.01872   0.01449   0.0104  0.0067  1.0000  -12.2736   0.0000   0.2277
  13.400   1.4075   0.01878   0.01455   0.0105  0.0067  1.0000  -12.3575   0.0000   0.2276
  13.450   1.4121   0.01884   0.01462   0.0106  0.0067  1.0000  -12.4415   0.0000   0.2275
  13.500   1.4167   0.01891   0.01468   0.0107  0.0066  1.0000  -12.5256   0.0000   0.2273
  13.550   1.4213   0.01898   0.01475   0.0108  0.0066  1.0000  -12.6098   0.0000   0.2272
  13.600   1.4258   0.01904   0.01482   0.0109  0.0066  1.0000  -12.6941   0.0000   0.2271
  13.650   1.4304   0.01911   0.01489   0.0110  0.0066  1.0000  -12.7784   0.0000   0.2269
  13.700   1.4349   0.01918   0.01496   0.0111  0.0066  1.0000  -12.8629   0.0000   0.2268
  13.750   1.4394   0.01925   0.01503   0.0112  0.0066  1.0000  -12.9473   0.0000   0.2267
  13.800   1.4439   0.01932   0.01510   0.0113  0.0066  1.0000  -13.0318   0.0000   0.2265
  13.850   1.4484   0.01939   0.01517   0.0114  0.0065  1.0000  -13.1163   0.0000   0.2264
  13.900   1.4528   0.01946   0.01524   0.0116  0.0065  1.0000  -13.2007   0.0000   0.2263
  13.950   1.4573   0.01953   0.01532   0.0117  0.0065  1.0000  -13.2852   0.0000   0.2261
  14.000   1.4617   0.01961   0.01540   0.0118  0.0065  1.0000  -13.3696   0.0000   0.2260
  14.050   1.4660   0.01969   0.01548   0.0119  0.0064  1.0000  -13.4539   0.0000   0.2258
  14.100   1.4704   0.01976   0.01555   0.0120  0.0064  1.0000  -13.5382   0.0000   0.2257
  14.150   1.4748   0.01984   0.01564   0.0122  0.0064  1.0000  -13.6224   0.0000   0.2255
  14.200   1.4791   0.01992   0.01572   0.0123  0.0064  1.0000  -13.7065   0.0000   0.2254
  14.250   1.4834   0.02000   0.01580   0.0124  0.0063  1.0000  -13.7905   0.0000   0.2252
  14.300   1.4876   0.02008   0.01589   0.0125  0.0063  1.0000  -13.8744   0.0000   0.2251
  14.350   1.4919   0.02017   0.01598   0.0127  0.0063  1.0000  -13.9582   0.0000   0.2249
  14.400   1.4961   0.02025   0.01606   0.0128  0.0062  1.0000  -14.0417   0.0000   0.2247
  14.450   1.5002   0.02034   0.01615   0.0130  0.0062  1.0000  -14.1251   0.0000   0.2246
  14.500   1.5044   0.02043   0.01624   0.0131  0.0062  1.0000  -14.2083   0.0000   0.2244
  14.550   1.5085   0.02052   0.01634   0.0133  0.0061  1.0000  -14.2913   0.0000   0.2242
  14.600   1.5126   0.02061   0.01643   0.0134  0.0061  1.0000  -14.3740   0.0000   0.2241
  14.650   1.5166   0.02071   0.01653   0.0136  0.0060  1.0000  -14.4564   0.0000   0.2239
  14.700   1.5206   0.02080   0.01663   0.0137  0.0060  1.0000  -14.5384   0.0000   0.2237
  14.750   1.5246   0.02090   0.01673   0.0139  0.0059  1.0000  -14.6201   0.0000   0.2235
  14.800   1.5285   0.02100   0.01683   0.0141  0.0058  1.0000  -14.7013   0.0000   0.2234
  14.850   1.5323   0.02111   0.01694   0.0142  0.0058  1.0000  -14.7818   0.0000   0.2232
  14.900   1.5361   0.02122   0.01705   0.0144  0.0057  1.0000  -14.8615   0.0000   0.2230
  14.950   1.5399   0.02133   0.01716   0.0146  0.0056  1.0000  -14.9404   0.0000   0.2228
  15.000   1.5435   0.02145   0.01728   0.0148  0.0055  1.0000  -15.0184   0.0000   0.2226


