  -5.000  -0.9652   0.00878   0.00352   0.0722  0.7643  0.0174  -3.9857   0.0000   0.3199
  -4.750  -0.9383   0.00862   0.00335   0.0724  0.7598  0.0182  -3.7559   0.0000   0.3225
  -4.500  -0.9111   0.00848   0.00320   0.0726  0.7538  0.0184  -3.5302   0.0000   0.3253
  -4.250  -0.8842   0.00829   0.00302   0.0729  0.7454  0.0222  -3.3151   0.0000   0.3282
  -4.000  -0.8573   0.00810   0.00285   0.0731  0.7416  0.0251  -3.1023   0.0000   0.3313
  -3.750  -0.8300   0.00795   0.00272   0.0733  0.7381  0.0263  -2.8926   0.0000   0.3346
  -3.500  -0.8028   0.00779   0.00257   0.0735  0.7316  0.0310  -2.6904   0.0000   0.3380
  -3.250  -0.7757   0.00763   0.00241   0.0737  0.7214  0.0350  -2.4951   0.0000   0.3417
  -3.000  -0.7483   0.00749   0.00228   0.0739  0.7128  0.0398  -2.3014   0.0000   0.3456
  -2.750  -0.7211   0.00732   0.00215   0.0741  0.7068  0.0463  -2.1139   0.0000   0.3498
  -2.500  -0.6940   0.00716   0.00201   0.0743  0.6954  0.0556  -1.9520   0.0000   0.3543
  -2.250  -0.6665   0.00703   0.00190   0.0745  0.6836  0.0640  -1.8048   0.0000   0.3591
  -2.000  -0.6392   0.00688   0.00178   0.0746  0.6748  0.0734  -1.6617   0.0000   0.3644
  -1.750  -0.6119   0.00674   0.00167   0.0748  0.6587  0.0862  -1.5231   0.0000   0.3700
  -1.500  -0.5848   0.00656   0.00154   0.0750  0.6494  0.1061  -1.3900   0.0000   0.3762
  -1.250  -0.5579   0.00638   0.00143   0.0753  0.6336  0.1299  -1.2591   0.0000   0.3830
  -1.000  -0.5307   0.00622   0.00133   0.0754  0.6210  0.1502  -1.1481   0.0000   0.3904
  -0.750  -0.5034   0.00609   0.00124   0.0756  0.6036  0.1720  -1.0438   0.0000   0.3986
  -0.500  -0.4762   0.00593   0.00115   0.0758  0.5901  0.1984  -0.9420   0.0000   0.4078
  -0.250  -0.4495   0.00576   0.00106   0.0760  0.5695  0.2332  -0.8546   0.0000   0.4179
   0.000  -0.4224   0.00561   0.00099   0.0762  0.5564  0.2636  -0.7725   0.0000   0.4294
   0.250  -0.3951   0.00549   0.00092   0.0763  0.5364  0.2941  -0.6979   0.0000   0.4424
   0.500  -0.3684   0.00533   0.00085   0.0765  0.5187  0.3322  -0.6311   0.0000   0.4573
   0.750  -0.3412   0.00521   0.00080   0.0767  0.5012  0.3641  -0.5731   0.0000   0.4746
   1.000  -0.3140   0.00511   0.00076   0.0768  0.4790  0.3991  -0.5636   0.0000   0.4948
   1.250  -0.2873   0.00498   0.00071   0.0771  0.4589  0.4393  -0.5646   0.0000   0.5187
   1.500  -0.2602   0.00487   0.00067   0.0772  0.4405  0.4761  -0.5649   0.0000   0.5477
   1.750  -0.2332   0.00476   0.00064   0.0774  0.4191  0.5179  -0.5657   0.0000   0.5832
   2.000  -0.2065   0.00465   0.00061   0.0776  0.3949  0.5613  -0.5673   0.0000   0.6278
   2.250  -0.1799   0.00454   0.00058   0.0778  0.3703  0.6099  -0.5698   0.0000   0.6854
   2.500  -0.1537   0.00438   0.00055   0.0782  0.3501  0.6684  -0.5739   0.0000   0.7622
   2.750  -0.1322   0.00382   0.00045   0.0794  0.3298  0.8248  -0.5491   0.0000   0.8559
   3.000  -0.1040   0.00389   0.00050   0.0794  0.3047  0.8409  -0.5406   0.0000   1.0208
   3.250  -0.0752   0.00399   0.00054   0.0792  0.2819  0.8472  -0.5331   0.0000   1.3155
   3.500  -0.0463   0.00413   0.00059   0.0790  0.2538  0.8499  -0.5984   0.0000   1.9788
   3.750  -0.0173   0.00426   0.00064   0.0788  0.2304  0.8515  -0.6697   0.0000   4.8678
   4.000   0.0116   0.00443   0.00070   0.0786  0.2019  0.8524  -0.7514   0.0000  -6.6398
   4.250   0.0405   0.00458   0.00077   0.0783  0.1786  0.8530  -0.8352   0.0000  -1.7178
   4.500   0.0693   0.00474   0.00084   0.0781  0.1554  0.8534  -0.9360   0.0000  -0.8977
   4.750   0.0981   0.00487   0.00091   0.0779  0.1368  0.8554  -1.0395   0.0000  -0.5597
   5.000   0.1269   0.00500   0.00097   0.0777  0.1193  0.8575  -1.1454   0.0000  -0.3755
   5.250   0.1556   0.00514   0.00105   0.0775  0.1022  0.8596  -1.2750   0.0000  -0.2597
   5.500   0.1842   0.00530   0.00114   0.0773  0.0855  0.8619  -1.4094   0.0000  -0.1802
   5.750   0.2128   0.00544   0.00125   0.0771  0.0724  0.8640  -1.5450   0.0000  -0.1223
   6.000   0.2413   0.00559   0.00135   0.0769  0.0612  0.8657  -1.6864   0.0000  -0.0782
   6.250   0.2699   0.00572   0.00145   0.0767  0.0548  0.8672  -1.8322   0.0000  -0.0434
   6.500   0.2985   0.00586   0.00155   0.0765  0.0472  0.8686  -1.9885   0.0000  -0.0153
   6.750   0.3269   0.00603   0.00168   0.0763  0.0394  0.8699  -2.1748   0.0000   0.0077
   7.000   0.3556   0.00615   0.00179   0.0761  0.0357  0.8712  -2.3676   0.0000   0.0271
   7.250   0.3839   0.00633   0.00193   0.0760  0.0312  0.8726  -2.5648   0.0000   0.0434
   7.500   0.4124   0.00647   0.00207   0.0758  0.0273  0.8740  -2.7642   0.0000   0.0575
   7.750   0.4409   0.00661   0.00219   0.0756  0.0256  0.8750  -2.9728   0.0000   0.0697
   8.000   0.4692   0.00680   0.00235   0.0754  0.0222  0.8755  -3.1851   0.0000   0.0804
   8.250   0.4976   0.00697   0.00250   0.0752  0.0193  0.8756  -3.4017   0.0000   0.0899
   8.500   0.5262   0.00709   0.00262   0.0750  0.0190  0.8755  -3.6276   0.0000   0.0984
   8.750   0.5545   0.00725   0.00276   0.0747  0.0179  0.8754  -3.8575   0.0000   0.1060
   9.000   0.5826   0.00748   0.00296   0.0745  0.0149  0.8754  -4.0904   0.0000   0.1127
   9.500   0.6389   0.00787   0.00336   0.0741  0.0125  0.8753  -4.5631   0.0000   0.1242
   9.750   0.6671   0.00802   0.00351   0.0739  0.0124  0.8752  -4.8163   0.0000   0.1292
  10.000   0.6952   0.00818   0.00367   0.0737  0.0123  0.8752  -5.0936   0.0000   0.1338
  10.250   0.7233   0.00835   0.00384   0.0735  0.0121  0.8752  -5.4045   0.0000   0.1380
  10.500   0.7511   0.00855   0.00403   0.0733  0.0114  0.8751  -5.7210   0.0000   0.1418
  10.750   0.7785   0.00884   0.00429   0.0731  0.0098  0.8751  -6.0401   0.0000   0.1452
  11.750   0.8867   0.01023   0.00584   0.0727  0.0072  0.8750  -7.3168   0.0000   0.1559
  12.000   0.9138   0.01051   0.00614   0.0725  0.0071  0.8750  -7.6681   0.0000   0.1582
  12.250   0.9408   0.01079   0.00643   0.0723  0.0071  0.8750  -8.0267   0.0000   0.1603
  12.500   0.9678   0.01105   0.00670   0.0722  0.0071  0.8751  -8.3938   0.0000   0.1623
  12.750   0.9946   0.01132   0.00699   0.0720  0.0071  0.8751  -8.7672   0.0000   0.1641
  13.000   1.0213   0.01160   0.00728   0.0719  0.0071  0.8751  -9.1475   0.0000   0.1658
  13.250   1.0479   0.01188   0.00757   0.0717  0.0071  0.8751  -9.5347   0.0000   0.1674
  13.500   1.0744   0.01216   0.00786   0.0716  0.0070  0.8751  -9.9285   0.0000   0.1688
  13.750   1.1008   0.01245   0.00816   0.0714  0.0070  0.8752  -10.3287   0.0000   0.1702
  14.000   1.1270   0.01275   0.00847   0.0713  0.0070  0.8752  -10.7350   0.0000   0.1714
  14.250   1.1531   0.01306   0.00880   0.0712  0.0069  0.8753  -11.1468   0.0000   0.1725
  14.500   1.1790   0.01337   0.00912   0.0711  0.0069  0.8753  -11.5643   0.0000   0.1736
  14.750   1.2047   0.01369   0.00945   0.0709  0.0068  0.8754  -11.9866   0.0000   0.1745
  15.000   1.2302   0.01403   0.00980   0.0708  0.0067  0.8755  -12.4131   0.0000   0.1754


