  -5.000   0.3691   0.00447   0.00123  -0.1673  0.8318  0.2918  -1.3622   0.0000   0.7079
  -4.750   0.3992   0.00426   0.00107  -0.1678  0.8316  0.3132  -1.3838   0.0000   0.6742
  -4.500   0.4292   0.00406   0.00091  -0.1682  0.8312  0.3343  -1.4055   0.0000   0.6453
  -4.250   0.4590   0.00390   0.00079  -0.1686  0.8302  0.3515  -1.4247   0.0000   0.6202
  -4.000   0.4886   0.00377   0.00071  -0.1689  0.8279  0.3703  -1.4410   0.0000   0.5982
  -3.750   0.5118   0.00398   0.00067  -0.1678  0.7494  0.3901  -1.4768   0.0000   0.5801
  -3.500   0.5199   0.00504   0.00116  -0.1637  0.5850  0.3986  -1.4230   0.0000   0.5668
  -3.250   0.5382   0.00542   0.00134  -0.1617  0.5154  0.4180  -1.3996   0.0000   0.5521
  -3.000   0.5583   0.00571   0.00147  -0.1601  0.4623  0.4280  -1.3842   0.0000   0.5380
  -2.750   0.5790   0.00596   0.00160  -0.1585  0.4150  0.4477  -1.3711   0.0000   0.5249
  -2.500   0.5994   0.00623   0.00173  -0.1569  0.3721  0.4572  -1.3581   0.0000   0.5126
  -2.250   0.6209   0.00643   0.00184  -0.1556  0.3329  0.4760  -1.3479   0.0000   0.5011
  -2.000   0.6424   0.00668   0.00198  -0.1542  0.2978  0.4845  -1.3376   0.0000   0.4904
  -1.750   0.6643   0.00689   0.00210  -0.1529  0.2602  0.5029  -1.3278   0.0000   0.4803
  -1.500   0.6865   0.00713   0.00222  -0.1516  0.2277  0.5115  -1.3184   0.0000   0.4708
  -1.250   0.7081   0.00736   0.00235  -0.1503  0.1930  0.5278  -1.3082   0.0000   0.4619
  -1.000   0.7301   0.00754   0.00246  -0.1489  0.1700  0.5385  -1.3005   0.0000   0.4535
  -0.750   0.7527   0.00773   0.00258  -0.1478  0.1480  0.5498  -1.2934   0.0000   0.4456
  -0.500   0.7765   0.00793   0.00272  -0.1469  0.1257  0.5636  -1.3640   0.0000   0.4383
  -0.250   0.8009   0.00817   0.00287  -0.1460  0.0999  0.5701  -1.4908   0.0000   0.4313
   0.000   0.8262   0.00836   0.00300  -0.1455  0.0843  0.5848  -1.6238   0.0000   0.4248
   0.250   0.8516   0.00854   0.00314  -0.1449  0.0707  0.5951  -1.7614   0.0000   0.4187
   0.500   0.8771   0.00873   0.00328  -0.1443  0.0608  0.6004  -1.9027   0.0000   0.4129
   0.750   0.9029   0.00888   0.00342  -0.1438  0.0535  0.6143  -2.0488   0.0000   0.4074
   1.000   0.9285   0.00906   0.00357  -0.1432  0.0449  0.6238  -2.2224   0.0000   0.4022
   1.250   0.9541   0.00927   0.00372  -0.1427  0.0375  0.6287  -2.4080   0.0000   0.3973
   1.500   0.9798   0.00942   0.00387  -0.1421  0.0339  0.6384  -2.5998   0.0000   0.3926
   1.750   1.0055   0.00961   0.00405  -0.1416  0.0295  0.6486  -2.7930   0.0000   0.3881
   2.000   1.0311   0.00978   0.00421  -0.1410  0.0257  0.6550  -2.9935   0.0000   0.3839
   2.250   1.0567   0.00995   0.00437  -0.1404  0.0243  0.6583  -3.1999   0.0000   0.3798
   2.500   1.0822   0.01016   0.00455  -0.1398  0.0213  0.6666  -3.4104   0.0000   0.3759
   2.750   1.1077   0.01035   0.00475  -0.1393  0.0179  0.6752  -3.6238   0.0000   0.3722
   3.000   1.1331   0.01051   0.00492  -0.1386  0.0177  0.6816  -3.8453   0.0000   0.3686
   3.250   1.1583   0.01070   0.00510  -0.1380  0.0169  0.6856  -4.0710   0.0000   0.3651
   3.500   1.1834   0.01094   0.00532  -0.1374  0.0146  0.6876  -4.3028   0.0000   0.3618
   4.250   1.2584   0.01160   0.00600  -0.1353  0.0113  0.7063  -5.0076   0.0000   0.3525
   4.500   1.2830   0.01179   0.00620  -0.1345  0.0112  0.7107  -5.2619   0.0000   0.3496
   4.750   1.3075   0.01199   0.00640  -0.1338  0.0111  0.7138  -5.5611   0.0000   0.3467
   5.000   1.3318   0.01221   0.00662  -0.1330  0.0108  0.7157  -5.8655   0.0000   0.3440
   5.250   1.3559   0.01247   0.00686  -0.1321  0.0099  0.7168  -6.1767   0.0000   0.3413
   5.500   1.3797   0.01303   0.00745  -0.1311  0.0064  0.7197  -6.4469   0.0000   0.3386
   6.000   1.4269   0.01365   0.00814  -0.1292  0.0063  0.7301  -7.0754   0.0000   0.3336
   6.250   1.4500   0.01394   0.00846  -0.1282  0.0063  0.7339  -7.4015   0.0000   0.3311
   6.500   1.4729   0.01425   0.00878  -0.1272  0.0063  0.7370  -7.7327   0.0000   0.3287
   6.750   1.4956   0.01455   0.00911  -0.1261  0.0063  0.7395  -8.0692   0.0000   0.3264
   7.000   1.5180   0.01485   0.00942  -0.1249  0.0062  0.7415  -8.4117   0.0000   0.3240
   7.250   1.5402   0.01516   0.00974  -0.1238  0.0062  0.7430  -8.7592   0.0000   0.3218
   7.500   1.5622   0.01547   0.01007  -0.1225  0.0062  0.7442  -9.1114   0.0000   0.3195
   7.750   1.5838   0.01579   0.01040  -0.1213  0.0062  0.7450  -9.4682   0.0000   0.3173
   8.000   1.6052   0.01611   0.01073  -0.1200  0.0062  0.7456  -9.8300   0.0000   0.3152
   8.250   1.6264   0.01644   0.01106  -0.1187  0.0062  0.7460  -10.1966   0.0000   0.3130
   8.500   1.6474   0.01676   0.01141  -0.1173  0.0062  0.7492  -10.5676   0.0000   0.3109
   8.750   1.6678   0.01711   0.01178  -0.1159  0.0061  0.7525  -10.9404   0.0000   0.3088
   9.000   1.6879   0.01746   0.01215  -0.1144  0.0061  0.7557  -11.3164   0.0000   0.3068
   9.250   1.7076   0.01783   0.01253  -0.1129  0.0061  0.7584  -11.6959   0.0000   0.3047
   9.500   1.7270   0.01820   0.01292  -0.1113  0.0060  0.7605  -12.0780   0.0000   0.3027
   9.750   1.7462   0.01858   0.01332  -0.1097  0.0060  0.7622  -12.4635   0.0000   0.3006
  10.000   1.7652   0.01897   0.01373  -0.1080  0.0059  0.7636  -12.8523   0.0000   0.2987
  10.250   1.7837   0.01938   0.01416  -0.1063  0.0058  0.7649  -13.2427   0.0000   0.2967
  10.500   1.8013   0.01983   0.01462  -0.1045  0.0057  0.7662  -13.6295   0.0000   0.2947
  10.750   1.8182   0.02031   0.01512  -0.1026  0.0055  0.7674  -14.0150   0.0000   0.2927
  11.000   1.8348   0.02082   0.01564  -0.1006  0.0053  0.7684  -14.4013   0.0000   0.2907
  11.250   1.8506   0.02137   0.01621  -0.0985  0.0049  0.7692  -14.7829   0.0000   0.2887
  11.500   1.8653   0.02201   0.01685  -0.0963  0.0045  0.7700  -15.1550   0.0000   0.2866
  12.250   1.8773   0.02636   0.02168  -0.0846  0.0027  0.7719  -15.6425   0.0000   0.2789
  12.500   1.8856   0.02737   0.02277  -0.0815  0.0027  0.7724  -15.9444   0.0000   0.2767
  12.750   1.8928   0.02839   0.02386  -0.0784  0.0027  0.7727  -16.2513   0.0000   0.2744
  13.000   1.9015   0.02933   0.02486  -0.0756  0.0027  0.7731  -16.5886   0.0000   0.2723
  13.250   1.9110   0.03026   0.02584  -0.0730  0.0027  0.7733  -16.9377   0.0000   0.2703
  13.500   1.9200   0.03125   0.02687  -0.0703  0.0027  0.7735  -17.2825   0.0000   0.2682
  13.750   1.9253   0.03241   0.02810  -0.0673  0.0027  0.7738  -17.5922   0.0000   0.2661
  14.000   1.9292   0.03367   0.02942  -0.0641  0.0027  0.7739  -17.8855   0.0000   0.2639
  14.250   1.9330   0.03503   0.03086  -0.0611  0.0027  0.7741  -18.1715   0.0000   0.2618
  14.500   1.9342   0.03664   0.03256  -0.0579  0.0027  0.7742  -18.4217   0.0000   0.2596
  14.750   1.9291   0.03863   0.03466  -0.0542  0.0027  0.7743  -18.6089   0.0000   0.2573
  15.000   1.9273   0.04059   0.03671  -0.0511  0.0027  0.7753  -18.8255   0.0000   0.2552


