  -5.000  -0.5599   0.00596   0.00169   0.0004  0.8560  0.0295  -2.3662   0.0000   0.2459
  -4.950  -0.5543   0.00594   0.00166   0.0004  0.8510  0.0306  -2.3277   0.0000   0.2460
  -4.900  -0.5487   0.00591   0.00164   0.0004  0.8487  0.0316  -2.2893   0.0000   0.2460
  -4.850  -0.5432   0.00589   0.00162   0.0004  0.8458  0.0326  -2.2512   0.0000   0.2461
  -4.800  -0.5377   0.00586   0.00159   0.0004  0.8418  0.0335  -2.2134   0.0000   0.2461
  -4.750  -0.5322   0.00585   0.00157   0.0004  0.8366  0.0344  -2.1758   0.0000   0.2462
  -4.700  -0.5267   0.00584   0.00155   0.0005  0.8304  0.0351  -2.1385   0.0000   0.2463
  -4.650  -0.5211   0.00583   0.00153   0.0005  0.8247  0.0356  -2.1010   0.0000   0.2464
  -4.600  -0.5155   0.00581   0.00151   0.0005  0.8222  0.0360  -2.0635   0.0000   0.2464
  -4.550  -0.5098   0.00580   0.00149   0.0005  0.8188  0.0363  -2.0263   0.0000   0.2464
  -4.500  -0.5043   0.00579   0.00148   0.0005  0.8140  0.0376  -1.9917   0.0000   0.2465
  -4.450  -0.4987   0.00578   0.00146   0.0005  0.8083  0.0398  -1.9619   0.0000   0.2466
  -4.400  -0.4933   0.00576   0.00144   0.0005  0.8019  0.0418  -1.9324   0.0000   0.2466
  -4.350  -0.4877   0.00573   0.00141   0.0005  0.7972  0.0436  -1.9029   0.0000   0.2467
  -4.300  -0.4821   0.00571   0.00139   0.0005  0.7947  0.0449  -1.8732   0.0000   0.2467
  -4.250  -0.4765   0.00569   0.00137   0.0005  0.7912  0.0459  -1.8437   0.0000   0.2468
  -4.200  -0.4709   0.00568   0.00135   0.0005  0.7860  0.0465  -1.8143   0.0000   0.2468
  -4.150  -0.4654   0.00568   0.00134   0.0005  0.7798  0.0469  -1.7851   0.0000   0.2469
  -4.100  -0.4598   0.00568   0.00132   0.0005  0.7725  0.0475  -1.7560   0.0000   0.2469
  -4.050  -0.4541   0.00567   0.00130   0.0005  0.7686  0.0495  -1.7270   0.0000   0.2470
  -4.000  -0.4485   0.00565   0.00129   0.0005  0.7657  0.0516  -1.6982   0.0000   0.2470
  -3.950  -0.4430   0.00563   0.00127   0.0005  0.7615  0.0536  -1.6698   0.0000   0.2470
  -3.900  -0.4374   0.00561   0.00125   0.0005  0.7564  0.0554  -1.6416   0.0000   0.2471
  -3.850  -0.4319   0.00560   0.00123   0.0005  0.7502  0.0570  -1.6136   0.0000   0.2472
  -3.800  -0.4263   0.00559   0.00121   0.0005  0.7432  0.0581  -1.5854   0.0000   0.2472
  -3.750  -0.4207   0.00558   0.00120   0.0005  0.7399  0.0588  -1.5573   0.0000   0.2472
  -3.700  -0.4150   0.00557   0.00118   0.0005  0.7368  0.0594  -1.5292   0.0000   0.2472
  -3.650  -0.4094   0.00556   0.00117   0.0005  0.7321  0.0621  -1.5017   0.0000   0.2473
  -3.600  -0.4038   0.00554   0.00115   0.0005  0.7263  0.0650  -1.4747   0.0000   0.2473
  -3.550  -0.3984   0.00553   0.00113   0.0005  0.7189  0.0680  -1.4490   0.0000   0.2474
  -3.500  -0.3928   0.00551   0.00110   0.0005  0.7126  0.0700  -1.4218   0.0000   0.2475
  -3.450  -0.3871   0.00549   0.00109   0.0005  0.7102  0.0713  -1.3944   0.0000   0.2475
  -3.400  -0.3814   0.00548   0.00108   0.0005  0.7070  0.0722  -1.3672   0.0000   0.2475
  -3.350  -0.3758   0.00548   0.00106   0.0005  0.7023  0.0736  -1.3402   0.0000   0.2475
  -3.300  -0.3702   0.00547   0.00105   0.0005  0.6967  0.0770  -1.3136   0.0000   0.2476
  -3.250  -0.3647   0.00546   0.00104   0.0005  0.6891  0.0801  -1.2873   0.0000   0.2476
  -3.200  -0.3592   0.00543   0.00101   0.0005  0.6832  0.0834  -1.2612   0.0000   0.2477
  -3.150  -0.3535   0.00541   0.00100   0.0005  0.6806  0.0860  -1.2349   0.0000   0.2477
  -3.100  -0.3479   0.00540   0.00098   0.0005  0.6768  0.0880  -1.2086   0.0000   0.2477
  -3.050  -0.3424   0.00538   0.00097   0.0005  0.6718  0.0938  -1.1851   0.0000   0.2478
  -3.000  -0.3369   0.00535   0.00095   0.0005  0.6655  0.0982  -1.1640   0.0000   0.2479
  -2.950  -0.3313   0.00535   0.00094   0.0005  0.6581  0.1008  -1.1428   0.0000   0.2479
  -2.900  -0.3257   0.00534   0.00092   0.0005  0.6536  0.1021  -1.1213   0.0000   0.2479
  -2.850  -0.3200   0.00533   0.00091   0.0005  0.6511  0.1037  -1.1000   0.0000   0.2479
  -2.800  -0.3143   0.00531   0.00090   0.0005  0.6474  0.1082  -1.0789   0.0000   0.2480
  -2.750  -0.3088   0.00529   0.00088   0.0005  0.6423  0.1121  -1.0581   0.0000   0.2480
  -2.700  -0.3033   0.00528   0.00087   0.0005  0.6354  0.1156  -1.0375   0.0000   0.2481
  -2.650  -0.2977   0.00528   0.00086   0.0005  0.6274  0.1178  -1.0168   0.0000   0.2481
  -2.600  -0.2920   0.00527   0.00084   0.0005  0.6236  0.1191  -0.9960   0.0000   0.2481
  -2.550  -0.2863   0.00526   0.00084   0.0005  0.6210  0.1216  -0.9752   0.0000   0.2481
  -2.500  -0.2807   0.00524   0.00082   0.0004  0.6172  0.1265  -0.9548   0.0000   0.2481
  -2.450  -0.2751   0.00522   0.00081   0.0004  0.6123  0.1307  -0.9347   0.0000   0.2482
  -2.400  -0.2696   0.00522   0.00080   0.0005  0.6058  0.1340  -0.9146   0.0000   0.2482
  -2.350  -0.2640   0.00522   0.00079   0.0004  0.5980  0.1362  -0.8945   0.0000   0.2483
  -2.300  -0.2582   0.00521   0.00078   0.0004  0.5942  0.1374  -0.8742   0.0000   0.2482
  -2.250  -0.2526   0.00520   0.00077   0.0004  0.5914  0.1416  -0.8569   0.0000   0.2482
  -2.200  -0.2470   0.00518   0.00076   0.0004  0.5871  0.1470  -0.8403   0.0000   0.2483
  -2.150  -0.2415   0.00516   0.00074   0.0004  0.5816  0.1524  -0.8239   0.0000   0.2484
  -2.100  -0.2359   0.00516   0.00074   0.0004  0.5747  0.1557  -0.8073   0.0000   0.2484
  -2.050  -0.2303   0.00515   0.00073   0.0004  0.5677  0.1612  -0.7908   0.0000   0.2484
  -2.000  -0.2248   0.00511   0.00071   0.0004  0.5647  0.1693  -0.7746   0.0000   0.2485
  -1.950  -0.2192   0.00508   0.00070   0.0004  0.5621  0.1741  -0.7582   0.0000   0.2485
  -1.900  -0.2135   0.00508   0.00069   0.0004  0.5579  0.1761  -0.7418   0.0000   0.2485
  -1.850  -0.2078   0.00508   0.00069   0.0004  0.5523  0.1795  -0.7254   0.0000   0.2485
  -1.800  -0.2023   0.00508   0.00067   0.0004  0.5448  0.1848  -0.7091   0.0000   0.2486
  -1.750  -0.1967   0.00507   0.00066   0.0004  0.5374  0.1896  -0.6931   0.0000   0.2486
  -1.700  -0.1911   0.00505   0.00065   0.0004  0.5350  0.1936  -0.6793   0.0000   0.2486
  -1.650  -0.1854   0.00503   0.00064   0.0003  0.5323  0.1965  -0.6655   0.0000   0.2486
  -1.600  -0.1797   0.00503   0.00064   0.0003  0.5281  0.2013  -0.6518   0.0000   0.2486
  -1.550  -0.1742   0.00501   0.00063   0.0003  0.5227  0.2101  -0.6384   0.0000   0.2487
  -1.500  -0.1687   0.00499   0.00062   0.0003  0.5155  0.2160  -0.6251   0.0000   0.2488
  -1.450  -0.1631   0.00499   0.00061   0.0003  0.5081  0.2188  -0.6115   0.0000   0.2488
  -1.400  -0.1574   0.00498   0.00060   0.0003  0.5057  0.2232  -0.5980   0.0000   0.2487
  -1.350  -0.1517   0.00497   0.00060   0.0003  0.5027  0.2296  -0.5849   0.0000   0.2487
  -1.300  -0.1462   0.00495   0.00059   0.0003  0.4983  0.2343  -0.5733   0.0000   0.2488
  -1.250  -0.1406   0.00495   0.00058   0.0003  0.4924  0.2383  -0.5618   0.0000   0.2488
  -1.200  -0.1350   0.00496   0.00058   0.0003  0.4850  0.2412  -0.5503   0.0000   0.2488
  -1.150  -0.1293   0.00495   0.00057   0.0003  0.4788  0.2460  -0.5387   0.0000   0.2488
  -1.100  -0.1237   0.00492   0.00056   0.0002  0.4767  0.2551  -0.5273   0.0000   0.2489
  -1.050  -0.1181   0.00490   0.00056   0.0002  0.4734  0.2614  -0.5163   0.0000   0.2489
  -1.000  -0.1125   0.00490   0.00055   0.0002  0.4684  0.2645  -0.5062   0.0000   0.2489
  -0.950  -0.1069   0.00491   0.00056   0.0002  0.4616  0.2670  -0.4961   0.0000   0.2489
  -0.900  -0.1012   0.00492   0.00055   0.0002  0.4539  0.2732  -0.4862   0.0000   0.2489
  -0.850  -0.0956   0.00490   0.00054   0.0002  0.4498  0.2788  -0.4762   0.0000   0.2489
  -0.800  -0.0900   0.00488   0.00053   0.0002  0.4475  0.2844  -0.4665   0.0000   0.2489
  -0.750  -0.0843   0.00487   0.00053   0.0002  0.4437  0.2883  -0.4576   0.0000   0.2489
  -0.700  -0.0787   0.00488   0.00053   0.0002  0.4382  0.2910  -0.4487   0.0000   0.2489
  -0.650  -0.0731   0.00488   0.00053   0.0002  0.4311  0.2996  -0.4400   0.0000   0.2490
  -0.600  -0.0676   0.00487   0.00053   0.0001  0.4232  0.3068  -0.4314   0.0000   0.2491
  -0.550  -0.0619   0.00485   0.00052   0.0001  0.4208  0.3114  -0.4231   0.0000   0.2491
  -0.500  -0.0562   0.00485   0.00051   0.0001  0.4181  0.3139  -0.4152   0.0000   0.2489
  -0.450  -0.0505   0.00486   0.00052   0.0001  0.4137  0.3161  -0.4073   0.0000   0.2488
  -0.400  -0.0450   0.00486   0.00052   0.0001  0.4071  0.3238  -0.3995   0.0000   0.2489
  -0.350  -0.0395   0.00485   0.00052   0.0001  0.3992  0.3312  -0.3920   0.0000   0.2492
  -0.300  -0.0338   0.00484   0.00051   0.0001  0.3942  0.3368  -0.3850   0.0000   0.2492
  -0.250  -0.0281   0.00484   0.00051   0.0001  0.3918  0.3399  -0.3778   0.0000   0.2490
  -0.200  -0.0224   0.00484   0.00051   0.0000  0.3879  0.3427  -0.3707   0.0000   0.2486
  -0.150  -0.0168   0.00485   0.00051   0.0000  0.3826  0.3501  -0.3638   0.0000   0.2487
  -0.100  -0.0113   0.00484   0.00051   0.0000  0.3754  0.3568  -0.3574   0.0000   0.2496
  -0.050  -0.0057   0.00484   0.00051   0.0000  0.3678  0.3622  -0.3510   0.0000   0.2505
   0.000   0.0000   0.00483   0.00050  -0.0000  0.3657  0.3657  -0.3446   0.0000   0.3931
   0.100   0.0113   0.00484   0.00051  -0.0000  0.3568  0.3754  -0.3574   0.0000   0.2496
   0.150   0.0168   0.00485   0.00051  -0.0000  0.3501  0.3826  -0.3638   0.0000   0.2487
   0.200   0.0224   0.00484   0.00051  -0.0000  0.3427  0.3878  -0.3707   0.0000   0.2486
   0.250   0.0281   0.00484   0.00051  -0.0001  0.3399  0.3918  -0.3778   0.0000   0.2490
   0.300   0.0338   0.00484   0.00051  -0.0001  0.3368  0.3942  -0.3850   0.0000   0.2492
   0.350   0.0395   0.00485   0.00052  -0.0001  0.3312  0.3992  -0.3920   0.0000   0.2492
   0.400   0.0450   0.00486   0.00052  -0.0001  0.3238  0.4072  -0.3995   0.0000   0.2489
   0.450   0.0505   0.00486   0.00052  -0.0001  0.3161  0.4137  -0.4073   0.0000   0.2488
   0.500   0.0562   0.00485   0.00051  -0.0001  0.3139  0.4181  -0.4152   0.0000   0.2489
   0.550   0.0619   0.00485   0.00052  -0.0001  0.3114  0.4208  -0.4231   0.0000   0.2491
   0.600   0.0676   0.00487   0.00053  -0.0001  0.3068  0.4232  -0.4314   0.0000   0.2492
   0.650   0.0731   0.00488   0.00053  -0.0002  0.2996  0.4311  -0.4400   0.0000   0.2490
   0.700   0.0787   0.00488   0.00053  -0.0002  0.2910  0.4382  -0.4487   0.0000   0.2489
   0.750   0.0843   0.00487   0.00053  -0.0002  0.2883  0.4437  -0.4576   0.0000   0.2489
   0.800   0.0900   0.00488   0.00053  -0.0002  0.2844  0.4475  -0.4665   0.0000   0.2489
   0.850   0.0956   0.00490   0.00054  -0.0002  0.2788  0.4498  -0.4762   0.0000   0.2489
   0.900   0.1012   0.00492   0.00055  -0.0002  0.2732  0.4539  -0.4862   0.0000   0.2489
   0.950   0.1069   0.00491   0.00056  -0.0002  0.2669  0.4616  -0.4961   0.0000   0.2489
   1.000   0.1125   0.00490   0.00055  -0.0002  0.2645  0.4684  -0.5062   0.0000   0.2489
   1.050   0.1181   0.00490   0.00056  -0.0002  0.2613  0.4734  -0.5163   0.0000   0.2489
   1.100   0.1237   0.00492   0.00056  -0.0002  0.2551  0.4767  -0.5273   0.0000   0.2489
   1.150   0.1293   0.00495   0.00057  -0.0003  0.2460  0.4788  -0.5387   0.0000   0.2488
   1.200   0.1350   0.00496   0.00058  -0.0003  0.2412  0.4850  -0.5503   0.0000   0.2489
   1.250   0.1406   0.00495   0.00058  -0.0003  0.2383  0.4924  -0.5618   0.0000   0.2488
   1.300   0.1462   0.00495   0.00059  -0.0003  0.2343  0.4983  -0.5733   0.0000   0.2488
   1.350   0.1517   0.00497   0.00060  -0.0003  0.2296  0.5027  -0.5849   0.0000   0.2487
   1.400   0.1574   0.00498   0.00060  -0.0003  0.2231  0.5057  -0.5980   0.0000   0.2487
   1.450   0.1631   0.00499   0.00061  -0.0003  0.2188  0.5081  -0.6115   0.0000   0.2488
   1.500   0.1687   0.00499   0.00062  -0.0003  0.2160  0.5155  -0.6251   0.0000   0.2488
   1.550   0.1742   0.00501   0.00063  -0.0003  0.2101  0.5227  -0.6384   0.0000   0.2487
   1.600   0.1797   0.00503   0.00064  -0.0003  0.2012  0.5281  -0.6518   0.0000   0.2486
   1.650   0.1854   0.00503   0.00064  -0.0003  0.1965  0.5323  -0.6655   0.0000   0.2486
   1.700   0.1911   0.00505   0.00065  -0.0004  0.1936  0.5350  -0.6793   0.0000   0.2486
   1.750   0.1967   0.00507   0.00066  -0.0004  0.1896  0.5374  -0.6931   0.0000   0.2486
   1.800   0.2023   0.00508   0.00067  -0.0004  0.1848  0.5448  -0.7091   0.0000   0.2486
   1.850   0.2078   0.00508   0.00069  -0.0004  0.1795  0.5523  -0.7254   0.0000   0.2485
   1.900   0.2135   0.00508   0.00069  -0.0004  0.1761  0.5579  -0.7418   0.0000   0.2485
   1.950   0.2192   0.00508   0.00069  -0.0004  0.1741  0.5621  -0.7582   0.0000   0.2485
   2.000   0.2248   0.00511   0.00071  -0.0004  0.1693  0.5647  -0.7746   0.0000   0.2485
   2.050   0.2303   0.00515   0.00073  -0.0004  0.1612  0.5677  -0.7908   0.0000   0.2484
   2.100   0.2359   0.00516   0.00074  -0.0004  0.1557  0.5747  -0.8074   0.0000   0.2484
   2.150   0.2415   0.00516   0.00074  -0.0004  0.1524  0.5816  -0.8239   0.0000   0.2484
   2.200   0.2470   0.00518   0.00076  -0.0004  0.1470  0.5871  -0.8403   0.0000   0.2483
   2.250   0.2526   0.00520   0.00077  -0.0004  0.1416  0.5914  -0.8569   0.0000   0.2482
   2.300   0.2583   0.00521   0.00078  -0.0004  0.1374  0.5942  -0.8743   0.0000   0.2482
   2.350   0.2640   0.00522   0.00079  -0.0004  0.1362  0.5980  -0.8945   0.0000   0.2483
   2.400   0.2696   0.00522   0.00080  -0.0005  0.1340  0.6058  -0.9146   0.0000   0.2482
   2.450   0.2751   0.00522   0.00081  -0.0005  0.1307  0.6123  -0.9347   0.0000   0.2482
   2.500   0.2807   0.00524   0.00082  -0.0004  0.1265  0.6172  -0.9548   0.0000   0.2481
   2.550   0.2863   0.00526   0.00084  -0.0005  0.1216  0.6210  -0.9752   0.0000   0.2481
   2.600   0.2920   0.00527   0.00084  -0.0005  0.1191  0.6236  -0.9960   0.0000   0.2481
   2.650   0.2977   0.00528   0.00086  -0.0005  0.1178  0.6274  -1.0168   0.0000   0.2481
   2.700   0.3033   0.00528   0.00087  -0.0005  0.1156  0.6354  -1.0376   0.0000   0.2481
   2.750   0.3088   0.00529   0.00088  -0.0005  0.1121  0.6423  -1.0581   0.0000   0.2480
   2.800   0.3143   0.00531   0.00090  -0.0005  0.1082  0.6474  -1.0789   0.0000   0.2480
   2.850   0.3200   0.00533   0.00091  -0.0005  0.1037  0.6511  -1.1000   0.0000   0.2479
   2.900   0.3257   0.00534   0.00092  -0.0005  0.1021  0.6536  -1.1214   0.0000   0.2479
   2.950   0.3314   0.00535   0.00094  -0.0005  0.1008  0.6581  -1.1428   0.0000   0.2479
   3.000   0.3369   0.00535   0.00095  -0.0005  0.0982  0.6655  -1.1640   0.0000   0.2479
   3.050   0.3424   0.00538   0.00097  -0.0005  0.0938  0.6718  -1.1851   0.0000   0.2478
   3.100   0.3479   0.00540   0.00098  -0.0005  0.0879  0.6768  -1.2086   0.0000   0.2477
   3.150   0.3536   0.00541   0.00100  -0.0005  0.0860  0.6806  -1.2349   0.0000   0.2477
   3.200   0.3592   0.00543   0.00101  -0.0005  0.0834  0.6832  -1.2612   0.0000   0.2477
   3.250   0.3647   0.00546   0.00104  -0.0005  0.0801  0.6891  -1.2874   0.0000   0.2476
   3.300   0.3702   0.00547   0.00105  -0.0005  0.0770  0.6967  -1.3136   0.0000   0.2476
   3.350   0.3758   0.00548   0.00106  -0.0005  0.0736  0.7023  -1.3402   0.0000   0.2475
   3.400   0.3815   0.00548   0.00108  -0.0005  0.0722  0.7070  -1.3672   0.0000   0.2475
   3.450   0.3871   0.00549   0.00109  -0.0005  0.0713  0.7102  -1.3945   0.0000   0.2475
   3.500   0.3928   0.00551   0.00110  -0.0005  0.0700  0.7126  -1.4218   0.0000   0.2475
   3.550   0.3984   0.00553   0.00113  -0.0005  0.0680  0.7189  -1.4490   0.0000   0.2474
   3.600   0.4038   0.00554   0.00115  -0.0005  0.0650  0.7263  -1.4748   0.0000   0.2474
   3.650   0.4094   0.00556   0.00117  -0.0005  0.0621  0.7321  -1.5017   0.0000   0.2473
   3.700   0.4150   0.00557   0.00118  -0.0005  0.0594  0.7368  -1.5293   0.0000   0.2473
   3.750   0.4207   0.00558   0.00120  -0.0005  0.0588  0.7399  -1.5573   0.0000   0.2472
   3.800   0.4263   0.00559   0.00121  -0.0005  0.0581  0.7432  -1.5855   0.0000   0.2472
   3.850   0.4319   0.00560   0.00123  -0.0005  0.0570  0.7502  -1.6136   0.0000   0.2472
   3.900   0.4375   0.00561   0.00125  -0.0005  0.0554  0.7564  -1.6417   0.0000   0.2471
   3.950   0.4430   0.00563   0.00127  -0.0005  0.0536  0.7615  -1.6698   0.0000   0.2470
   4.000   0.4485   0.00565   0.00129  -0.0005  0.0516  0.7657  -1.6983   0.0000   0.2470
   4.050   0.4542   0.00567   0.00130  -0.0005  0.0495  0.7686  -1.7270   0.0000   0.2470
   4.100   0.4598   0.00568   0.00132  -0.0005  0.0475  0.7725  -1.7560   0.0000   0.2469
   4.150   0.4654   0.00568   0.00134  -0.0005  0.0469  0.7798  -1.7851   0.0000   0.2469
   4.200   0.4710   0.00568   0.00135  -0.0005  0.0465  0.7861  -1.8143   0.0000   0.2468
   4.250   0.4765   0.00569   0.00137  -0.0005  0.0459  0.7912  -1.8437   0.0000   0.2468
   4.300   0.4822   0.00571   0.00139  -0.0005  0.0449  0.7947  -1.8733   0.0000   0.2467
   4.350   0.4877   0.00573   0.00141  -0.0005  0.0436  0.7972  -1.9029   0.0000   0.2467
   4.400   0.4933   0.00576   0.00144  -0.0005  0.0418  0.8019  -1.9325   0.0000   0.2466
   4.450   0.4988   0.00578   0.00146  -0.0005  0.0398  0.8083  -1.9620   0.0000   0.2466
   4.500   0.5043   0.00579   0.00148  -0.0005  0.0375  0.8140  -1.9918   0.0000   0.2465
   4.550   0.5099   0.00580   0.00149  -0.0005  0.0363  0.8188  -2.0264   0.0000   0.2464
   4.600   0.5155   0.00581   0.00151  -0.0005  0.0360  0.8222  -2.0636   0.0000   0.2464
   4.650   0.5211   0.00583   0.00153  -0.0005  0.0356  0.8247  -2.1011   0.0000   0.2464
   4.700   0.5267   0.00584   0.00155  -0.0005  0.0351  0.8304  -2.1385   0.0000   0.2463
   4.750   0.5322   0.00585   0.00157  -0.0004  0.0344  0.8366  -2.1759   0.0000   0.2462
   4.800   0.5377   0.00586   0.00159  -0.0004  0.0335  0.8418  -2.2135   0.0000   0.2462
   4.850   0.5432   0.00589   0.00162  -0.0004  0.0326  0.8458  -2.2513   0.0000   0.2461
   4.900   0.5488   0.00591   0.00164  -0.0004  0.0316  0.8487  -2.2894   0.0000   0.2460
   4.950   0.5544   0.00594   0.00166  -0.0004  0.0305  0.8510  -2.3278   0.0000   0.2460
   5.000   0.5599   0.00596   0.00169  -0.0004  0.0294  0.8560  -2.3663   0.0000   0.2459
   5.050   0.5654   0.00597   0.00171  -0.0004  0.0283  0.8618  -2.4049   0.0000   0.2458
   5.100   0.5709   0.00597   0.00173  -0.0003  0.0274  0.8669  -2.4437   0.0000   0.2458
   5.150   0.5764   0.00599   0.00175  -0.0003  0.0269  0.8710  -2.4831   0.0000   0.2457
   5.200   0.5820   0.00600   0.00176  -0.0003  0.0268  0.8740  -2.5228   0.0000   0.2456
   5.250   0.5877   0.00602   0.00178  -0.0003  0.0266  0.8762  -2.5629   0.0000   0.2456
   5.300   0.5932   0.00603   0.00181  -0.0003  0.0264  0.8805  -2.6029   0.0000   0.2455
   5.350   0.5987   0.00604   0.00184  -0.0003  0.0261  0.8856  -2.6410   0.0000   0.2455
   5.400   0.6041   0.00606   0.00186  -0.0002  0.0257  0.8900  -2.6808   0.0000   0.2454
   5.450   0.6096   0.00607   0.00188  -0.0002  0.0253  0.8939  -2.7210   0.0000   0.2453
   5.500   0.6151   0.00610   0.00191  -0.0002  0.0247  0.8970  -2.7616   0.0000   0.2452
   5.550   0.6207   0.00613   0.00193  -0.0002  0.0240  0.8993  -2.8023   0.0000   0.2451
   5.600   0.6262   0.00616   0.00196  -0.0002  0.0234  0.9016  -2.8433   0.0000   0.2451
   5.650   0.6316   0.00618   0.00199  -0.0001  0.0227  0.9065  -2.8839   0.0000   0.2450
   5.700   0.6370   0.00620   0.00201  -0.0001  0.0220  0.9110  -2.9247   0.0000   0.2448
   5.750   0.6424   0.00622   0.00204  -0.0000  0.0213  0.9148  -2.9659   0.0000   0.2447
   5.800   0.6479   0.00624   0.00206  -0.0000  0.0205  0.9180  -3.0075   0.0000   0.2447
   5.850   0.6534   0.00626   0.00209   0.0000  0.0198  0.9204  -3.0495   0.0000   0.2446
   5.900   0.6589   0.00629   0.00211   0.0000  0.0192  0.9223  -3.0918   0.0000   0.2445
   5.950   0.6645   0.00631   0.00214   0.0000  0.0188  0.9242  -3.1344   0.0000   0.2445
   6.000   0.6699   0.00632   0.00216   0.0001  0.0188  0.9283  -3.1769   0.0000   0.2444
   6.050   0.6752   0.00633   0.00218   0.0001  0.0188  0.9321  -3.2194   0.0000   0.2442
   6.100   0.6806   0.00635   0.00220   0.0002  0.0187  0.9355  -3.2622   0.0000   0.2441
   6.150   0.6861   0.00637   0.00223   0.0002  0.0187  0.9385  -3.3055   0.0000   0.2440
   6.200   0.6916   0.00639   0.00225   0.0003  0.0186  0.9408  -3.3492   0.0000   0.2439
   6.250   0.6971   0.00641   0.00227   0.0003  0.0185  0.9427  -3.3932   0.0000   0.2439
   6.300   0.7027   0.00643   0.00230   0.0003  0.0184  0.9441  -3.4375   0.0000   0.2438
   6.350   0.7081   0.00646   0.00232   0.0003  0.0182  0.9464  -3.4816   0.0000   0.2437
   6.400   0.7133   0.00647   0.00235   0.0004  0.0180  0.9497  -3.5251   0.0000   0.2436
   6.450   0.7186   0.00650   0.00238   0.0005  0.0177  0.9527  -3.5688   0.0000   0.2434
   6.500   0.7238   0.00652   0.00240   0.0006  0.0174  0.9554  -3.6128   0.0000   0.2433
   6.550   0.7292   0.00656   0.00244   0.0006  0.0170  0.9578  -3.6572   0.0000   0.2432
   6.600   0.7345   0.00659   0.00247   0.0007  0.0164  0.9598  -3.7017   0.0000   0.2431
   6.650   0.7399   0.00664   0.00250   0.0007  0.0159  0.9614  -3.7465   0.0000   0.2430
   6.700   0.7453   0.00668   0.00253   0.0007  0.0153  0.9627  -3.7915   0.0000   0.2429
   6.750   0.7507   0.00671   0.00257   0.0008  0.0146  0.9640  -3.8366   0.0000   0.2428
   6.800   0.7559   0.00674   0.00260   0.0009  0.0139  0.9665  -3.8809   0.0000   0.2426
   6.850   0.7610   0.00677   0.00263   0.0010  0.0133  0.9689  -3.9249   0.0000   0.2425
   6.900   0.7662   0.00680   0.00266   0.0011  0.0126  0.9711  -3.9688   0.0000   0.2423
   6.950   0.7714   0.00684   0.00270   0.0012  0.0121  0.9731  -4.0128   0.0000   0.2421
   7.000   0.7767   0.00686   0.00272   0.0012  0.0121  0.9749  -4.0592   0.0000   0.2420
   7.050   0.7821   0.00689   0.00275   0.0013  0.0121  0.9765  -4.1074   0.0000   0.2419
   7.100   0.7875   0.00691   0.00278   0.0013  0.0121  0.9778  -4.1551   0.0000   0.2418
   7.150   0.7930   0.00694   0.00281   0.0013  0.0121  0.9789  -4.2028   0.0000   0.2418
   7.200   0.7984   0.00696   0.00283   0.0014  0.0121  0.9798  -4.2507   0.0000   0.2417
   7.250   0.8039   0.00699   0.00286   0.0014  0.0121  0.9812  -4.2991   0.0000   0.2416
   7.300   0.8095   0.00702   0.00289   0.0014  0.0121  0.9826  -4.3478   0.0000   0.2416
   7.350   0.8151   0.00704   0.00291   0.0014  0.0121  0.9840  -4.3969   0.0000   0.2416
   7.400   0.8207   0.00707   0.00294   0.0014  0.0120  0.9853  -4.4463   0.0000   0.2415
   7.450   0.8263   0.00710   0.00297   0.0014  0.0120  0.9865  -4.4960   0.0000   0.2415
   7.500   0.8319   0.00713   0.00299   0.0013  0.0120  0.9876  -4.5459   0.0000   0.2415
   7.550   0.8376   0.00715   0.00302   0.0013  0.0120  0.9887  -4.5960   0.0000   0.2415
   7.600   0.8431   0.00718   0.00305   0.0013  0.0120  0.9897  -4.6461   0.0000   0.2414
   7.650   0.8487   0.00721   0.00308   0.0013  0.0119  0.9906  -4.6962   0.0000   0.2414
   7.700   0.8542   0.00724   0.00311   0.0014  0.0119  0.9915  -4.7463   0.0000   0.2413
   7.750   0.8595   0.00727   0.00314   0.0014  0.0119  0.9922  -4.7961   0.0000   0.2412
   7.800   0.8650   0.00730   0.00316   0.0014  0.0118  0.9929  -4.8468   0.0000   0.2412
   7.850   0.8713   0.00733   0.00320   0.0012  0.0118  0.9933  -4.9010   0.0000   0.2413
   7.900   0.8775   0.00737   0.00323   0.0011  0.0117  0.9936  -4.9554   0.0000   0.2415
   7.950   0.8837   0.00740   0.00326   0.0009  0.0117  0.9940  -5.0099   0.0000   0.2416
   8.000   0.8899   0.00744   0.00329   0.0008  0.0116  0.9943  -5.0645   0.0000   0.2417
   8.050   0.8961   0.00747   0.00333   0.0006  0.0115  0.9947  -5.1197   0.0000   0.2418
   8.100   0.9023   0.00751   0.00336   0.0005  0.0113  0.9951  -5.1846   0.0000   0.2420
   8.150   0.9084   0.00755   0.00340   0.0003  0.0112  0.9954  -5.2497   0.0000   0.2421
   8.200   0.9145   0.00759   0.00344   0.0002  0.0110  0.9957  -5.3150   0.0000   0.2422
   8.250   0.9206   0.00764   0.00347   0.0000  0.0108  0.9960  -5.3804   0.0000   0.2423
   8.300   0.9267   0.00769   0.00352  -0.0001  0.0105  0.9964  -5.4459   0.0000   0.2423
   8.350   0.9327   0.00773   0.00356  -0.0002  0.0103  0.9967  -5.5114   0.0000   0.2424
   8.400   0.9387   0.00779   0.00360  -0.0003  0.0100  0.9969  -5.5771   0.0000   0.2425
   8.450   0.9447   0.00784   0.00365  -0.0004  0.0097  0.9972  -5.6429   0.0000   0.2426
   8.500   0.9507   0.00789   0.00370  -0.0006  0.0094  0.9974  -5.7089   0.0000   0.2426
   8.550   0.9567   0.00794   0.00374  -0.0007  0.0090  0.9976  -5.7750   0.0000   0.2427
   8.600   0.9627   0.00800   0.00379  -0.0008  0.0085  0.9979  -5.8410   0.0000   0.2427
   8.750   0.9805   0.00817   0.00397  -0.0011  0.0069  0.9985  -6.0343   0.0000   0.2429
   8.800   0.9865   0.00821   0.00401  -0.0012  0.0069  0.9987  -6.1029   0.0000   0.2429
   8.850   0.9925   0.00825   0.00405  -0.0013  0.0069  0.9989  -6.1716   0.0000   0.2430
   8.900   0.9985   0.00829   0.00409  -0.0014  0.0069  0.9990  -6.2407   0.0000   0.2430
   8.950   1.0045   0.00833   0.00413  -0.0016  0.0069  0.9992  -6.3101   0.0000   0.2430
   9.000   1.0105   0.00837   0.00417  -0.0017  0.0069  0.9993  -6.3797   0.0000   0.2431
   9.050   1.0165   0.00841   0.00421  -0.0018  0.0069  0.9995  -6.4497   0.0000   0.2431
   9.100   1.0225   0.00845   0.00425  -0.0019  0.0068  0.9996  -6.5199   0.0000   0.2432
   9.150   1.0285   0.00850   0.00429  -0.0020  0.0068  0.9997  -6.5905   0.0000   0.2432
   9.200   1.0345   0.00854   0.00433  -0.0021  0.0068  0.9998  -6.6614   0.0000   0.2432
   9.250   1.0405   0.00858   0.00437  -0.0022  0.0068  0.9999  -6.7326   0.0000   0.2433
   9.300   1.0465   0.00862   0.00442  -0.0024  0.0068  1.0000  -6.8040   0.0000   0.2433
   9.350   1.0516   0.00866   0.00446  -0.0023  0.0068  1.0000  -6.8706   0.0000   0.2432
   9.400   1.0565   0.00870   0.00450  -0.0021  0.0068  1.0000  -6.9360   0.0000   0.2430
   9.450   1.0614   0.00874   0.00453  -0.0020  0.0068  1.0000  -7.0017   0.0000   0.2428
   9.500   1.0663   0.00878   0.00457  -0.0019  0.0068  1.0000  -7.0678   0.0000   0.2426
   9.550   1.0712   0.00882   0.00461  -0.0018  0.0068  1.0000  -7.1343   0.0000   0.2424
   9.600   1.0762   0.00886   0.00466  -0.0016  0.0068  1.0000  -7.2010   0.0000   0.2422
   9.650   1.0811   0.00890   0.00470  -0.0015  0.0068  1.0000  -7.2681   0.0000   0.2420
   9.700   1.0861   0.00894   0.00474  -0.0014  0.0068  1.0000  -7.3355   0.0000   0.2419
   9.750   1.0910   0.00898   0.00478  -0.0013  0.0068  1.0000  -7.4034   0.0000   0.2417
   9.800   1.0960   0.00902   0.00482  -0.0012  0.0068  1.0000  -7.4716   0.0000   0.2415
   9.850   1.1011   0.00906   0.00486  -0.0011  0.0068  1.0000  -7.5402   0.0000   0.2414
   9.900   1.1061   0.00910   0.00490  -0.0010  0.0068  1.0000  -7.6093   0.0000   0.2412
   9.950   1.1112   0.00915   0.00495  -0.0009  0.0068  1.0000  -7.6787   0.0000   0.2410
  10.000   1.1162   0.00919   0.00499  -0.0008  0.0068  1.0000  -7.7485   0.0000   0.2409
  10.050   1.1213   0.00923   0.00503  -0.0007  0.0068  1.0000  -7.8188   0.0000   0.2408
  10.100   1.1264   0.00927   0.00507  -0.0007  0.0068  1.0000  -7.8894   0.0000   0.2406
  10.150   1.1316   0.00932   0.00512  -0.0006  0.0068  1.0000  -7.9603   0.0000   0.2405
  10.200   1.1367   0.00936   0.00516  -0.0005  0.0068  1.0000  -8.0316   0.0000   0.2404
  10.250   1.1418   0.00940   0.00521  -0.0005  0.0068  1.0000  -8.1032   0.0000   0.2402
  10.300   1.1470   0.00945   0.00525  -0.0004  0.0068  1.0000  -8.1752   0.0000   0.2401
  10.350   1.1521   0.00949   0.00530  -0.0003  0.0068  1.0000  -8.2475   0.0000   0.2400
  10.400   1.1573   0.00953   0.00534  -0.0003  0.0068  1.0000  -8.3198   0.0000   0.2398
  10.450   1.1625   0.00958   0.00539  -0.0002  0.0068  1.0000  -8.3927   0.0000   0.2397
  10.500   1.1676   0.00962   0.00543  -0.0001  0.0068  1.0000  -8.4658   0.0000   0.2396
  10.550   1.1728   0.00967   0.00548  -0.0001  0.0067  1.0000  -8.5393   0.0000   0.2395
  10.600   1.1780   0.00971   0.00552  -0.0000  0.0067  1.0000  -8.6131   0.0000   0.2394
  10.650   1.1832   0.00976   0.00557   0.0000  0.0067  1.0000  -8.6872   0.0000   0.2392
  10.700   1.1883   0.00980   0.00561   0.0001  0.0067  1.0000  -8.7616   0.0000   0.2391
  10.750   1.1935   0.00985   0.00566   0.0001  0.0067  1.0000  -8.8363   0.0000   0.2390
  10.800   1.1987   0.00989   0.00571   0.0002  0.0067  1.0000  -8.9112   0.0000   0.2389
  10.850   1.2039   0.00994   0.00576   0.0002  0.0067  1.0000  -8.9865   0.0000   0.2388
  10.900   1.2090   0.00999   0.00580   0.0003  0.0067  1.0000  -9.0620   0.0000   0.2387
  10.950   1.2142   0.01003   0.00585   0.0003  0.0067  1.0000  -9.1378   0.0000   0.2385
  11.000   1.2194   0.01008   0.00590   0.0004  0.0067  1.0000  -9.2138   0.0000   0.2384
  11.050   1.2245   0.01013   0.00595   0.0004  0.0067  1.0000  -9.2901   0.0000   0.2383
  11.100   1.2297   0.01018   0.00600   0.0005  0.0067  1.0000  -9.3667   0.0000   0.2382
  11.150   1.2349   0.01022   0.00604   0.0006  0.0067  1.0000  -9.4436   0.0000   0.2381
  11.200   1.2400   0.01027   0.00609   0.0006  0.0067  1.0000  -9.5207   0.0000   0.2380
  11.250   1.2452   0.01032   0.00614   0.0007  0.0067  1.0000  -9.5980   0.0000   0.2379
  11.300   1.2503   0.01037   0.00619   0.0007  0.0067  1.0000  -9.6757   0.0000   0.2378
  11.350   1.2555   0.01042   0.00624   0.0008  0.0067  1.0000  -9.7535   0.0000   0.2376
  11.400   1.2607   0.01047   0.00629   0.0008  0.0066  1.0000  -9.8317   0.0000   0.2375
  11.450   1.2658   0.01052   0.00634   0.0009  0.0066  1.0000  -9.9100   0.0000   0.2374
  11.500   1.2709   0.01057   0.00639   0.0009  0.0066  1.0000  -9.9887   0.0000   0.2373
  11.550   1.2761   0.01062   0.00644   0.0010  0.0066  1.0000  -10.0676   0.0000   0.2372
  11.600   1.2812   0.01067   0.00650   0.0010  0.0066  1.0000  -10.1467   0.0000   0.2371
  11.650   1.2863   0.01072   0.00655   0.0011  0.0066  1.0000  -10.2260   0.0000   0.2370
  11.700   1.2915   0.01077   0.00660   0.0011  0.0066  1.0000  -10.3056   0.0000   0.2368
  11.750   1.2966   0.01082   0.00665   0.0012  0.0066  1.0000  -10.3854   0.0000   0.2367
  11.800   1.3017   0.01087   0.00671   0.0012  0.0066  1.0000  -10.4655   0.0000   0.2366
  11.850   1.3068   0.01093   0.00676   0.0013  0.0066  1.0000  -10.5458   0.0000   0.2365
  11.900   1.3119   0.01098   0.00681   0.0013  0.0065  1.0000  -10.6263   0.0000   0.2364
  11.950   1.3170   0.01103   0.00687   0.0014  0.0065  1.0000  -10.7070   0.0000   0.2363
  12.000   1.3221   0.01108   0.00692   0.0015  0.0065  1.0000  -10.7880   0.0000   0.2361
  12.050   1.3272   0.01114   0.00698   0.0015  0.0065  1.0000  -10.8692   0.0000   0.2360
  12.100   1.3323   0.01119   0.00704   0.0016  0.0065  1.0000  -10.9510   0.0000   0.2359
  12.150   1.3374   0.01125   0.00709   0.0016  0.0065  1.0000  -11.0327   0.0000   0.2358
  12.200   1.3424   0.01130   0.00715   0.0017  0.0065  1.0000  -11.1146   0.0000   0.2357
  12.250   1.3475   0.01136   0.00720   0.0017  0.0064  1.0000  -11.1968   0.0000   0.2355
  12.300   1.3525   0.01141   0.00726   0.0018  0.0064  1.0000  -11.2791   0.0000   0.2354
  12.350   1.3576   0.01147   0.00732   0.0019  0.0064  1.0000  -11.3616   0.0000   0.2353
  12.400   1.3626   0.01153   0.00738   0.0019  0.0064  1.0000  -11.4443   0.0000   0.2352
  12.450   1.3677   0.01158   0.00743   0.0020  0.0064  1.0000  -11.5272   0.0000   0.2351
  12.500   1.3727   0.01164   0.00749   0.0020  0.0063  1.0000  -11.6103   0.0000   0.2349
  12.550   1.3777   0.01170   0.00755   0.0021  0.0063  1.0000  -11.6936   0.0000   0.2348
  12.600   1.3827   0.01176   0.00761   0.0022  0.0063  1.0000  -11.7770   0.0000   0.2347
  12.650   1.3877   0.01182   0.00767   0.0022  0.0062  1.0000  -11.8607   0.0000   0.2346
  12.700   1.3927   0.01188   0.00773   0.0023  0.0062  1.0000  -11.9445   0.0000   0.2345
  12.750   1.3976   0.01194   0.00780   0.0024  0.0062  1.0000  -12.0285   0.0000   0.2343
  12.800   1.4026   0.01201   0.00786   0.0024  0.0061  1.0000  -12.1126   0.0000   0.2342
  12.850   1.4075   0.01207   0.00792   0.0025  0.0061  1.0000  -12.1969   0.0000   0.2341
  12.900   1.4125   0.01213   0.00799   0.0026  0.0060  1.0000  -12.2813   0.0000   0.2339
  12.950   1.4174   0.01220   0.00805   0.0027  0.0060  1.0000  -12.3658   0.0000   0.2338
  13.000   1.4223   0.01227   0.00812   0.0027  0.0059  1.0000  -12.4505   0.0000   0.2337
  13.050   1.4272   0.01234   0.00819   0.0028  0.0059  1.0000  -12.5352   0.0000   0.2336
  13.100   1.4320   0.01241   0.00826   0.0029  0.0058  1.0000  -12.6199   0.0000   0.2334
  13.150   1.4369   0.01248   0.00833   0.0030  0.0057  1.0000  -12.7047   0.0000   0.2333
  13.200   1.4417   0.01256   0.00841   0.0031  0.0057  1.0000  -12.7894   0.0000   0.2331
  13.250   1.4465   0.01263   0.00848   0.0031  0.0056  1.0000  -12.8741   0.0000   0.2330
  13.300   1.4512   0.01271   0.00856   0.0032  0.0055  1.0000  -12.9588   0.0000   0.2329
  13.350   1.4560   0.01279   0.00864   0.0033  0.0054  1.0000  -13.0434   0.0000   0.2327
  13.400   1.4607   0.01287   0.00872   0.0034  0.0054  1.0000  -13.1279   0.0000   0.2326
  13.450   1.4654   0.01296   0.00880   0.0035  0.0053  1.0000  -13.2124   0.0000   0.2324
  13.500   1.4701   0.01304   0.00889   0.0036  0.0052  1.0000  -13.2969   0.0000   0.2323
  13.550   1.4748   0.01313   0.00898   0.0037  0.0051  1.0000  -13.3813   0.0000   0.2321
  13.600   1.4794   0.01322   0.00906   0.0038  0.0050  1.0000  -13.4656   0.0000   0.2320
  13.650   1.4840   0.01331   0.00915   0.0039  0.0049  1.0000  -13.5500   0.0000   0.2318
  13.700   1.4887   0.01340   0.00924   0.0040  0.0048  1.0000  -13.6343   0.0000   0.2317
  13.750   1.4933   0.01349   0.00933   0.0042  0.0047  1.0000  -13.7186   0.0000   0.2315
  13.800   1.4979   0.01358   0.00942   0.0043  0.0046  1.0000  -13.8029   0.0000   0.2314
  13.850   1.5025   0.01367   0.00952   0.0044  0.0045  1.0000  -13.8863   0.0000   0.2312
  13.900   1.5070   0.01376   0.00961   0.0045  0.0043  1.0000  -13.9699   0.0000   0.2311
  13.950   1.5116   0.01385   0.00970   0.0046  0.0042  1.0000  -14.0531   0.0000   0.2309
  14.000   1.5161   0.01395   0.00980   0.0047  0.0040  1.0000  -14.1351   0.0000   0.2307
  14.050   1.5205   0.01406   0.00991   0.0049  0.0037  1.0000  -14.2117   0.0000   0.2306
  14.150   1.5285   0.01438   0.01027   0.0053  0.0031  1.0000  -14.3289   0.0000   0.2301
  14.200   1.5331   0.01446   0.01035   0.0054  0.0031  1.0000  -14.4153   0.0000   0.2300
  14.250   1.5377   0.01455   0.01044   0.0055  0.0031  1.0000  -14.5017   0.0000   0.2298
  14.300   1.5423   0.01463   0.01053   0.0056  0.0031  1.0000  -14.5882   0.0000   0.2297
  14.350   1.5468   0.01471   0.01062   0.0057  0.0031  1.0000  -14.6748   0.0000   0.2295
  14.400   1.5514   0.01480   0.01071   0.0059  0.0031  1.0000  -14.7615   0.0000   0.2294
  14.450   1.5559   0.01488   0.01080   0.0060  0.0031  1.0000  -14.8483   0.0000   0.2292
  14.500   1.5605   0.01497   0.01089   0.0061  0.0031  1.0000  -14.9351   0.0000   0.2291
  14.550   1.5650   0.01506   0.01098   0.0062  0.0031  1.0000  -15.0220   0.0000   0.2289
  14.600   1.5695   0.01514   0.01107   0.0063  0.0031  1.0000  -15.1090   0.0000   0.2287
  14.650   1.5739   0.01523   0.01117   0.0065  0.0031  1.0000  -15.1960   0.0000   0.2286
  14.700   1.5784   0.01532   0.01126   0.0066  0.0031  1.0000  -15.2831   0.0000   0.2284
  14.750   1.5828   0.01541   0.01136   0.0067  0.0031  1.0000  -15.3702   0.0000   0.2283
  14.800   1.5872   0.01550   0.01145   0.0068  0.0031  1.0000  -15.4573   0.0000   0.2281
  14.850   1.5917   0.01559   0.01155   0.0070  0.0031  1.0000  -15.5445   0.0000   0.2279
  14.900   1.5960   0.01569   0.01165   0.0071  0.0031  1.0000  -15.6318   0.0000   0.2278
  14.950   1.6004   0.01578   0.01175   0.0072  0.0031  1.0000  -15.7190   0.0000   0.2276
  15.000   1.6048   0.01587   0.01185   0.0074  0.0031  1.0000  -15.8066   0.0000   0.2274


