  -5.000  -0.3343   0.00710   0.00206  -0.0443  0.8207  0.0389  -2.4716   0.0000   0.1094
  -4.750  -0.3067   0.00698   0.00193  -0.0442  0.8043  0.0439  -2.3159   0.0000   0.0979
  -4.500  -0.2786   0.00690   0.00183  -0.0442  0.7908  0.0467  -2.1614   0.0000   0.0833
  -4.250  -0.2507   0.00683   0.00172  -0.0441  0.7737  0.0515  -2.0117   0.0000   0.0659
  -4.000  -0.2227   0.00672   0.00161  -0.0441  0.7602  0.0573  -1.8645   0.0000   0.0436
  -3.750  -0.1948   0.00668   0.00152  -0.0440  0.7413  0.0625  -1.7213   0.0000   0.0153
  -3.500  -0.1667   0.00657   0.00143  -0.0439  0.7264  0.0712  -1.5815   0.0000  -0.0230
  -3.250  -0.1388   0.00652   0.00134  -0.0439  0.7071  0.0796  -1.4641   0.0000  -0.0765
  -3.000  -0.1110   0.00650   0.00128  -0.0438  0.6848  0.0868  -1.3520   0.0000  -0.1564
  -2.750  -0.0828   0.00641   0.00120  -0.0438  0.6699  0.0989  -1.2419   0.0000  -0.2931
  -2.500  -0.0548   0.00637   0.00115  -0.0438  0.6513  0.1108  -1.1346   0.0000  -0.5680
  -2.250  -0.0268   0.00632   0.00109  -0.0438  0.6327  0.1266  -1.0299   0.0000  -1.4149
  -2.000   0.0013   0.00628   0.00105  -0.0438  0.6141  0.1408  -0.9294   0.0000  33.2762
  -1.750   0.0292   0.00626   0.00101  -0.0437  0.5925  0.1565  -0.8450   0.0000   1.7657
  -1.500   0.0572   0.00621   0.00097  -0.0437  0.5746  0.1791  -0.7620   0.0000   1.0224
  -1.250   0.0853   0.00614   0.00094  -0.0437  0.5581  0.2053  -0.6809   0.0000   0.7668
  -1.000   0.1130   0.00612   0.00092  -0.0437  0.5361  0.2304  -0.6059   0.0000   0.6384
  -0.750   0.1408   0.00604   0.00090  -0.0437  0.5192  0.2658  -0.5476   0.0000   0.5607
  -0.500   0.1683   0.00589   0.00087  -0.0437  0.5026  0.3240  -0.5701   0.0000   0.5090
  -0.250   0.1950   0.00569   0.00085  -0.0435  0.4843  0.4108  -0.5924   0.0000   0.4722
   0.000   0.2225   0.00554   0.00085  -0.0435  0.4696  0.4755  -0.6170   0.0000   0.4439
   0.250   0.2500   0.00550   0.00087  -0.0434  0.4503  0.5223  -0.6416   0.0000   0.4218
   0.500   0.2780   0.00543   0.00089  -0.0435  0.4399  0.5677  -0.6667   0.0000   0.4040
   0.750   0.3055   0.00541   0.00092  -0.0434  0.4221  0.6094  -0.6928   0.0000   0.3894
   1.000   0.3335   0.00535   0.00094  -0.0434  0.4133  0.6511  -0.7202   0.0000   0.3772
   1.250   0.3610   0.00534   0.00098  -0.0433  0.3987  0.6926  -0.7474   0.0000   0.3668
   1.500   0.3890   0.00528   0.00102  -0.0432  0.3903  0.7319  -0.7768   0.0000   0.3578
   1.750   0.4166   0.00527   0.00107  -0.0431  0.3810  0.7718  -0.8065   0.0000   0.3500
   2.000   0.4437   0.00525   0.00113  -0.0429  0.3678  0.8124  -0.8375   0.0000   0.3429
   2.250   0.4714   0.00522   0.00118  -0.0428  0.3633  0.8471  -0.8701   0.0000   0.3367
   2.500   0.4985   0.00523   0.00125  -0.0425  0.3554  0.8789  -0.9046   0.0000   0.3310
   2.750   0.5246   0.00526   0.00132  -0.0420  0.3443  0.9120  -0.9402   0.0000   0.3256
   3.000   0.5511   0.00527   0.00139  -0.0415  0.3392  0.9376  -0.9790   0.0000   0.3207
   3.250   0.5773   0.00532   0.00146  -0.0409  0.3330  0.9583  -1.0220   0.0000   0.3161
   3.500   0.6044   0.00544   0.00154  -0.0407  0.3231  0.9744  -1.0715   0.0000   0.3122
   3.750   0.6346   0.00553   0.00161  -0.0411  0.3144  0.9833  -1.1328   0.0000   0.3095
   4.000   0.6663   0.00562   0.00169  -0.0419  0.3077  0.9880  -1.2061   0.0000   0.3074
   4.250   0.6960   0.00579   0.00178  -0.0423  0.2923  0.9922  -1.2850   0.0000   0.3051
   4.500   0.7291   0.00590   0.00186  -0.0435  0.2834  0.9937  -1.3800   0.0000   0.3038
   4.750   0.7624   0.00611   0.00197  -0.0448  0.2644  0.9949  -1.4790   0.0000   0.3026
   5.000   0.7952   0.00630   0.00208  -0.0460  0.2497  0.9962  -1.5933   0.0000   0.3015
   5.250   0.8274   0.00654   0.00222  -0.0470  0.2289  0.9977  -1.7103   0.0000   0.3003
   5.500   0.8592   0.00679   0.00238  -0.0481  0.2088  0.9989  -1.8292   0.0000   0.2991
   5.750   0.8911   0.00706   0.00256  -0.0491  0.1893  1.0000  -1.9600   0.0000   0.2980
   6.000   0.9136   0.00735   0.00275  -0.0481  0.1687  1.0000  -2.0824   0.0000   0.2953
   6.250   0.9351   0.00770   0.00296  -0.0469  0.1454  1.0000  -2.2043   0.0000   0.2926
   6.500   0.9578   0.00800   0.00317  -0.0459  0.1281  1.0000  -2.3312   0.0000   0.2901
   6.750   0.9807   0.00829   0.00338  -0.0450  0.1125  1.0000  -2.4613   0.0000   0.2878
   7.000   1.0039   0.00859   0.00360  -0.0441  0.0982  1.0000  -2.5943   0.0000   0.2856
   7.250   1.0274   0.00890   0.00383  -0.0434  0.0851  1.0000  -2.7307   0.0000   0.2835
   7.500   1.0512   0.00924   0.00409  -0.0427  0.0723  1.0000  -2.8832   0.0000   0.2816
   7.750   1.0753   0.00956   0.00435  -0.0421  0.0629  1.0000  -3.0521   0.0000   0.2799
   8.000   1.1002   0.00983   0.00458  -0.0416  0.0555  1.0000  -3.2264   0.0000   0.2782
   8.250   1.1245   0.01016   0.00485  -0.0411  0.0475  1.0000  -3.4017   0.0000   0.2766
   8.500   1.1497   0.01040   0.00508  -0.0407  0.0443  1.0000  -3.5844   0.0000   0.2752
   8.750   1.1740   0.01074   0.00537  -0.0402  0.0389  1.0000  -3.7664   0.0000   0.2737
   9.000   1.1991   0.01100   0.00562  -0.0398  0.0356  1.0000  -3.9550   0.0000   0.2723
   9.250   1.2238   0.01128   0.00588  -0.0393  0.0331  1.0000  -4.1461   0.0000   0.2709
   9.500   1.2476   0.01164   0.00621  -0.0388  0.0291  1.0000  -4.3345   0.0000   0.2695
   9.750   1.2721   0.01192   0.00650  -0.0383  0.0267  1.0000  -4.5304   0.0000   0.2682
  10.000   1.2967   0.01219   0.00677  -0.0379  0.0258  1.0000  -4.7316   0.0000   0.2669
  10.250   1.3205   0.01252   0.00708  -0.0373  0.0240  1.0000  -4.9326   0.0000   0.2656
  10.500   1.3433   0.01292   0.00746  -0.0367  0.0212  1.0000  -5.1311   0.0000   0.2642
  10.750   1.3661   0.01330   0.00784  -0.0360  0.0188  1.0000  -5.3299   0.0000   0.2629
  11.000   1.3900   0.01358   0.00813  -0.0355  0.0186  1.0000  -5.5423   0.0000   0.2617
  11.250   1.4133   0.01389   0.00846  -0.0349  0.0181  1.0000  -5.7819   0.0000   0.2604
  11.500   1.4358   0.01424   0.00882  -0.0342  0.0174  1.0000  -6.0274   0.0000   0.2592
  11.750   1.4574   0.01464   0.00921  -0.0334  0.0163  1.0000  -6.2721   0.0000   0.2578
  12.000   1.4780   0.01509   0.00966  -0.0324  0.0152  1.0000  -6.5141   0.0000   0.2565
  12.250   1.4979   0.01558   0.01015  -0.0313  0.0138  1.0000  -6.7535   0.0000   0.2550
  12.500   1.5167   0.01611   0.01072  -0.0301  0.0127  1.0000  -6.9879   0.0000   0.2535
  12.750   1.5352   0.01661   0.01126  -0.0288  0.0121  1.0000  -7.2266   0.0000   0.2520
  13.000   1.5541   0.01698   0.01166  -0.0275  0.0121  1.0000  -7.4791   0.0000   0.2505
  13.250   1.5712   0.01737   0.01208  -0.0260  0.0120  1.0000  -7.7244   0.0000   0.2489
  13.500   1.5878   0.01780   0.01253  -0.0244  0.0119  1.0000  -7.9697   0.0000   0.2473
  13.750   1.6036   0.01828   0.01303  -0.0228  0.0117  1.0000  -8.2131   0.0000   0.2457
  14.000   1.6187   0.01881   0.01359  -0.0212  0.0115  1.0000  -8.4541   0.0000   0.2441
  14.250   1.6328   0.01943   0.01423  -0.0196  0.0111  1.0000  -8.6910   0.0000   0.2425
  14.500   1.6453   0.02014   0.01496  -0.0178  0.0106  1.0000  -8.9194   0.0000   0.2409
  14.750   1.6568   0.02096   0.01581  -0.0160  0.0101  1.0000  -9.1423   0.0000   0.2393
  15.000   1.6668   0.02190   0.01677  -0.0143  0.0096  1.0000  -9.3567   0.0000   0.2376


