    2.750   0.384671   0.006690   0.006719   0.013409  -0.016452  -0.217019  -0.001320   0.008833   0.008833   72.4282     0.8756
    3.000   0.406098   0.007460   0.006682   0.014141  -0.016420  -0.229387  -0.001276   0.008802   0.008801   70.4916     0.8729
    3.250   0.427498   0.008275   0.006657   0.014932  -0.016388  -0.241823  -0.001232   0.008769   0.008768   68.7046     0.8705
    3.500   0.448870   0.009136   0.006626   0.015762  -0.016355  -0.254335  -0.001189   0.008736   0.008735   67.0490     0.8683
    3.750   0.470211   0.010043   0.006604   0.016647  -0.016322  -0.266915  -0.001146   0.008703   0.008702   65.5098     0.8664
    4.000   0.491521   0.010996   0.006596   0.017592  -0.016287  -0.279559  -0.001103   0.008669   0.008668   64.0739     0.8647
    4.250   0.512798   0.011994   0.006593   0.018587  -0.016253  -0.292271  -0.001060   0.008634   0.008633   62.7306     0.8632
    4.500   0.534041   0.013037   0.006590   0.019627  -0.016217  -0.305052  -0.001018   0.008599   0.008598   61.4703     0.8618
    4.750   0.555247   0.014126   0.006589   0.020715  -0.016181  -0.317900  -0.000976   0.008564   0.008563   60.2850     0.8606
    5.000   0.576415   0.015259   0.006593   0.021852  -0.016145  -0.330812  -0.000934   0.008528   0.008527   59.1677     0.8595
    5.250   0.597543   0.016436   0.006604   0.023040  -0.016108  -0.343788  -0.000893   0.008491   0.008490   58.1123     0.8585
    5.500   0.618631   0.017658   0.006619   0.024277  -0.016070  -0.356827  -0.000852   0.008454   0.008453   57.1132     0.8577
    5.750   0.639676   0.018925   0.006643   0.025568  -0.016032  -0.369926  -0.000811   0.008417   0.008416   56.1659     0.8569
    6.000   0.660677   0.020235   0.006671   0.026906  -0.015993  -0.383086  -0.000770   0.008379   0.008378   55.2660     0.8562
    6.250   0.681632   0.021589   0.006715   0.028304  -0.015953  -0.396300  -0.000730   0.008340   0.008339   54.4099     0.8556
    6.500   0.702539   0.022987   0.006778   0.029764  -0.015913  -0.409567  -0.000690   0.008301   0.008300   53.5941     0.8551
    6.750   0.723398   0.024427   0.006843   0.031270  -0.015872  -0.422892  -0.000651   0.008262   0.008261   52.8158     0.8547
    7.000   0.744206   0.025911   0.006950   0.032861  -0.015831  -0.436257  -0.000611   0.008222   0.008221   52.0722     0.8543
    7.250   0.764963   0.027437   0.007089   0.034526  -0.015789  -0.449665  -0.000573   0.008182   0.008181   51.3609     0.8540
    7.500   0.785666   0.029006   0.007226   0.036232  -0.015747  -0.463130  -0.000534   0.008141   0.008140   50.6796     0.8537
    7.750   0.806314   0.030617   0.007371   0.037988  -0.015704  -0.476648  -0.000496   0.008100   0.008099   50.0265     0.8535
    8.000   0.826906   0.032270   0.007528   0.039798  -0.015661  -0.490215  -0.000458   0.008058   0.008057   49.3997     0.8534
    8.250   0.847440   0.033964   0.007691   0.041655  -0.015616  -0.503833  -0.000421   0.008016   0.008015   48.7976     0.8533
    8.500   0.867914   0.035699   0.007862   0.043561  -0.015572  -0.517500  -0.000384   0.007973   0.007972   48.2186     0.8532
    8.750   0.888327   0.037476   0.008024   0.045500  -0.015527  -0.531223  -0.000347   0.007930   0.007930   47.6613     0.8532
    9.000   0.908678   0.039293   0.008186   0.047479  -0.015481  -0.544998  -0.000311   0.007887   0.007886   47.1246     0.8533
    9.250   0.928965   0.041150   0.008354   0.049504  -0.015435  -0.558819  -0.000275   0.007843   0.007842   46.6072     0.8533
    9.500   0.949187   0.043047   0.008528   0.051575  -0.015388  -0.572686  -0.000239   0.007799   0.007798   46.1080     0.8535
    9.750   0.969342   0.044983   0.008710   0.053693  -0.015341  -0.586597  -0.000204   0.007754   0.007753   45.6262     0.8536
   10.000   0.989429   0.046959   0.008899   0.055858  -0.015293  -0.600551  -0.000169   0.007709   0.007708   45.1607     0.8538
   10.250   1.009446   0.048973   0.009093   0.058066  -0.015244  -0.614549  -0.000135   0.007664   0.007663   44.7107     0.8540
   10.500   1.029392   0.051026   0.009280   0.060306  -0.015195  -0.628593  -0.000101   0.007618   0.007617   44.2754     0.8543
   10.750   1.049266   0.053117   0.009475   0.062592  -0.015146  -0.642678  -0.000067   0.007572   0.007571   43.8541     0.8546
   11.000   1.069065   0.055246   0.009671   0.064917  -0.015096  -0.656805  -0.000034   0.007526   0.007525   43.4461     0.8549
   11.250   1.088790   0.057412   0.009868   0.067280  -0.015046  -0.670971  -0.000001   0.007479   0.007478   43.0507     0.8553
   11.500   1.108438   0.059615   0.010070   0.069685  -0.014995  -0.685176   0.000031   0.007431   0.007430   42.6675     0.8557
   11.750   1.128008   0.061854   0.010262   0.072116  -0.014943  -0.699424   0.000063   0.007384   0.007383   42.2957     0.8561
   12.000   1.147499   0.064129   0.010450   0.074579  -0.014891  -0.713712   0.000095   0.007336   0.007335   41.9350     0.8565
   12.250   1.166909   0.066440   0.010639   0.077079  -0.014839  -0.728037   0.000126   0.007288   0.007287   41.5848     0.8570
   12.500   1.186237   0.068786   0.010841   0.079627  -0.014786  -0.742391   0.000157   0.007239   0.007238   41.2446     0.8575
   12.750   1.205481   0.071167   0.011043   0.082210  -0.014732  -0.756779   0.000187   0.007190   0.007189   40.9140     0.8580
   13.000   1.224641   0.073582   0.011232   0.084814  -0.014678  -0.771207   0.000217   0.007141   0.007140   40.5927     0.8586
   13.250   1.243716   0.076031   0.011424   0.087455  -0.014624  -0.785666   0.000246   0.007091   0.007090   40.2802     0.8592
   13.500   1.262703   0.078513   0.011622   0.090135  -0.014569  -0.800154   0.000275   0.007041   0.007040   39.9762     0.8598
   13.750   1.281601   0.081028   0.011833   0.092861  -0.014514  -0.814665   0.000304   0.006991   0.006990   39.6804     0.8604
   14.000   1.300410   0.083576   0.012047   0.095623  -0.014458  -0.829204   0.000332   0.006940   0.006940   39.3924     0.8611
   14.250   1.319128   0.086155   0.012264   0.098419  -0.014401  -0.843769   0.000359   0.006890   0.006889   39.1119     0.8618
   14.500   1.337754   0.088766   0.012472   0.101239  -0.014345  -0.858365   0.000387   0.006839   0.006838   38.8387     0.8625
   14.750   1.356286   0.091408   0.012678   0.104087  -0.014287  -0.872989   0.000413   0.006787   0.006786   38.5724     0.8632
   15.000   1.374724   0.094081   0.012890   0.106971  -0.014230  -0.887633   0.000440   0.006736   0.006735   38.3129     0.8639


