    3.000   0.382396   0.008578   0.006673   0.015252   0.014769  -0.159208   0.001209  -0.008202  -0.008202   72.6433     0.6357
    3.250   0.403791   0.009467   0.006639   0.016106   0.014726  -0.171661   0.001167  -0.008165  -0.008165   70.6926     0.6458
    3.500   0.425157   0.010401   0.006612   0.017012   0.014682  -0.184185   0.001125  -0.008128  -0.008128   68.8934     0.6549
    3.750   0.446492   0.011380   0.006581   0.017961   0.014638  -0.196786   0.001084  -0.008090  -0.008090   67.2273     0.6632
    4.000   0.467795   0.012405   0.006569   0.018974   0.014593  -0.209452   0.001043  -0.008052  -0.008052   65.6787     0.6708
    4.250   0.489064   0.013474   0.006568   0.020042   0.014548  -0.222186   0.001002  -0.008013  -0.008013   64.2347     0.6777
    4.500   0.510297   0.014589   0.006565   0.021154   0.014502  -0.234991   0.000962  -0.007974  -0.007974   62.8841     0.6841
    4.750   0.531494   0.015748   0.006558   0.022306   0.014456  -0.247870   0.000922  -0.007935  -0.007935   61.6174     0.6901
    5.000   0.552651   0.016952   0.006564   0.023516   0.014409  -0.260812   0.000882  -0.007895  -0.007895   60.4264     0.6956
    5.250   0.573769   0.018200   0.006570   0.024770   0.014362  -0.273823   0.000843  -0.007855  -0.007855   59.3040     0.7007
    5.500   0.594844   0.019492   0.006581   0.026073   0.014315  -0.286899   0.000804  -0.007814  -0.007815   58.2440     0.7055
    5.750   0.615877   0.020828   0.006603   0.027431   0.014267  -0.300038   0.000765  -0.007773  -0.007774   57.2408     0.7100
    6.000   0.636864   0.022207   0.006627   0.028835   0.014218  -0.313240   0.000727  -0.007732  -0.007732   56.2897     0.7143
    6.250   0.657805   0.023630   0.006661   0.030291   0.014169  -0.326503   0.000689  -0.007690  -0.007690   55.3865     0.7183
    6.500   0.678698   0.025096   0.006721   0.031817   0.014120  -0.339817   0.000651  -0.007648  -0.007648   54.5273     0.7221
    6.750   0.699541   0.026605   0.006779   0.033384   0.014070  -0.353195   0.000614  -0.007606  -0.007606   53.7089     0.7257
    7.000   0.720333   0.028156   0.006872   0.035028   0.014019  -0.366618   0.000577  -0.007563  -0.007563   52.9280     0.7292
    7.250   0.741073   0.029750   0.007001   0.036751   0.013969  -0.380085   0.000541  -0.007520  -0.007520   52.1822     0.7325
    7.500   0.761759   0.031385   0.007141   0.038526   0.013918  -0.393606   0.000505  -0.007476  -0.007476   51.4688     0.7356
    7.750   0.782389   0.033062   0.007283   0.040345   0.013866  -0.407184   0.000469  -0.007432  -0.007432   50.7857     0.7386
    8.000   0.802962   0.034781   0.007437   0.042217   0.013814  -0.420815   0.000434  -0.007388  -0.007388   50.1309     0.7415
    8.250   0.823476   0.036540   0.007594   0.044134   0.013761  -0.434500   0.000399  -0.007343  -0.007344   49.5025     0.7444
    8.500   0.843930   0.038341   0.007762   0.046103   0.013709  -0.448236   0.000364  -0.007299  -0.007299   48.8989     0.7471
    8.750   0.864323   0.040181   0.007922   0.048104   0.013655  -0.462030   0.000330  -0.007253  -0.007254   48.3186     0.7497
    9.000   0.884652   0.042062   0.008080   0.050142   0.013602  -0.475879   0.000296  -0.007208  -0.007208   47.7602     0.7522
    9.250   0.904918   0.043983   0.008241   0.052223   0.013547  -0.489779   0.000263  -0.007162  -0.007162   47.2224     0.7547
    9.500   0.925117   0.045943   0.008409   0.054352   0.013493  -0.503726   0.000230  -0.007116  -0.007116   46.7040     0.7571
    9.750   0.945249   0.047942   0.008583   0.056525   0.013438  -0.517721   0.000198  -0.007069  -0.007070   46.2040     0.7594
   10.000   0.965312   0.049979   0.008766   0.058745   0.013383  -0.531761   0.000166  -0.007023  -0.007023   45.7213     0.7617
   10.250   0.985306   0.052055   0.008957   0.061012   0.013327  -0.545845   0.000134  -0.006976  -0.006976   45.2551     0.7639
   10.500   1.005227   0.054169   0.009143   0.063312   0.013271  -0.559979   0.000103  -0.006929  -0.006929   44.8044     0.7661
   10.750   1.025076   0.056320   0.009329   0.065649   0.013215  -0.574159   0.000072  -0.006881  -0.006881   44.3685     0.7682
   11.000   1.044850   0.058509   0.009522   0.068030   0.013158  -0.588380   0.000041  -0.006833  -0.006833   43.9466     0.7703
   11.250   1.064549   0.060734   0.009712   0.070446   0.013101  -0.602645   0.000011  -0.006785  -0.006785   43.5381     0.7723
   11.500   1.084170   0.062995   0.009911   0.072907   0.013043  -0.616950  -0.000018  -0.006737  -0.006737   43.1424     0.7744
   11.750   1.103713   0.065293   0.010101   0.075394   0.012985  -0.631300  -0.000048  -0.006688  -0.006689   42.7587     0.7763
   12.000   1.123177   0.067625   0.010286   0.077911   0.012927  -0.645693  -0.000076  -0.006640  -0.006640   42.3866     0.7783
   12.250   1.142559   0.069993   0.010471   0.080464   0.012868  -0.660126  -0.000105  -0.006591  -0.006591   42.0255     0.7802
   12.500   1.161859   0.072395   0.010667   0.083063   0.012809  -0.674591  -0.000133  -0.006541  -0.006542   41.6750     0.7821
   12.750   1.181075   0.074832   0.010869   0.085701   0.012750  -0.689091  -0.000160  -0.006492  -0.006492   41.3346     0.7840
   13.000   1.200206   0.077302   0.011058   0.088360   0.012690  -0.703633  -0.000187  -0.006442  -0.006443   41.0039     0.7859
   13.250   1.219251   0.079805   0.011249   0.091054   0.012630  -0.718209  -0.000214  -0.006392  -0.006393   40.6824     0.7878
   13.500   1.238208   0.082342   0.011441   0.093783   0.012570  -0.732818  -0.000240  -0.006342  -0.006343   40.3697     0.7896
   13.750   1.257077   0.084910   0.011650   0.096559   0.012509  -0.747452  -0.000265  -0.006292  -0.006292   40.0656     0.7914
   14.000   1.275855   0.087510   0.011860   0.099370   0.012448  -0.762117  -0.000291  -0.006242  -0.006242   39.7697     0.7932
   14.250   1.294542   0.090142   0.012077   0.102219   0.012387  -0.776809  -0.000316  -0.006191  -0.006191   39.4816     0.7950
   14.500   1.313137   0.092804   0.012284   0.105088   0.012325  -0.791534  -0.000340  -0.006140  -0.006141   39.2010     0.7968
   14.750   1.331638   0.095497   0.012489   0.107986   0.012263  -0.806289  -0.000364  -0.006089  -0.006090   38.9278     0.7986
   15.000   1.350045   0.098219   0.012699   0.110918   0.012201  -0.821069  -0.000387  -0.006038  -0.006039   38.6615     0.8003


