    3.000   0.394561   0.007615   0.006719   0.014334  -0.000052  -0.192470  -0.000005   0.000028   0.000027   71.5148     0.7500
    3.250   0.415959   0.008468   0.006688   0.015156  -0.000058  -0.204914  -0.000005   0.000031   0.000030   69.6510     0.7539
    3.500   0.437329   0.009367   0.006655   0.016022  -0.000065  -0.217433  -0.000006   0.000034   0.000033   67.9279     0.7574
    3.750   0.458669   0.010311   0.006627   0.016939  -0.000071  -0.230024  -0.000006   0.000037   0.000036   66.3289     0.7607
    4.000   0.479977   0.011301   0.006614   0.017915  -0.000077  -0.242679  -0.000006   0.000040   0.000039   64.8399     0.7637
    4.250   0.501251   0.012336   0.006609   0.018945  -0.000083  -0.255403  -0.000007   0.000043   0.000042   63.4490     0.7664
    4.500   0.522490   0.013416   0.006608   0.020024  -0.000089  -0.268194  -0.000007   0.000046   0.000045   62.1461     0.7690
    4.750   0.543692   0.014541   0.006608   0.021149  -0.000095  -0.281055  -0.000007   0.000049   0.000048   60.9223     0.7714
    5.000   0.564856   0.015711   0.006607   0.022318  -0.000101  -0.293985  -0.000007   0.000052   0.000051   59.7700     0.7737
    5.250   0.585981   0.016925   0.006611   0.023536  -0.000107  -0.306980  -0.000008   0.000055   0.000054   58.6828     0.7759
    5.500   0.607063   0.018183   0.006625   0.024809  -0.000113  -0.320036  -0.000008   0.000058   0.000057   57.6548     0.7779
    5.750   0.628103   0.019486   0.006649   0.026135  -0.000119  -0.333154  -0.000008   0.000060   0.000060   56.6810     0.7799
    6.000   0.649098   0.020832   0.006672   0.027504  -0.000125  -0.346336  -0.000008   0.000063   0.000063   55.7567     0.7817
    6.250   0.670047   0.022222   0.006711   0.028932  -0.000131  -0.359575  -0.000008   0.000066   0.000065   54.8782     0.7835
    6.500   0.690948   0.023655   0.006766   0.030420  -0.000136  -0.372868  -0.000008   0.000069   0.000068   54.0418     0.7852
    6.750   0.711800   0.025131   0.006839   0.031970  -0.000142  -0.386214  -0.000008   0.000071   0.000071   53.2443     0.7869
    7.000   0.732602   0.026650   0.006941   0.033591  -0.000148  -0.399606  -0.000008   0.000074   0.000073   52.4830     0.7884
    7.250   0.753351   0.028211   0.007066   0.035277  -0.000154  -0.413048  -0.000008   0.000077   0.000076   51.7552     0.7900
    7.500   0.774046   0.029814   0.007200   0.037015  -0.000159  -0.426543  -0.000008   0.000079   0.000079   51.0586     0.7915
    7.750   0.794686   0.031460   0.007342   0.038802  -0.000165  -0.440093  -0.000008   0.000082   0.000081   50.3912     0.7930
    8.000   0.815269   0.033147   0.007501   0.040647  -0.000170  -0.453690  -0.000008   0.000084   0.000084   49.7510     0.7944
    8.250   0.835794   0.034875   0.007662   0.042537  -0.000176  -0.467341  -0.000008   0.000087   0.000086   49.1364     0.7958
    8.500   0.856259   0.036644   0.007830   0.044474  -0.000181  -0.481044  -0.000007   0.000089   0.000088   48.5456     0.7972
    8.750   0.876663   0.038454   0.007994   0.046449  -0.000187  -0.494802  -0.000007   0.000091   0.000091   47.9774     0.7985
    9.000   0.897004   0.040305   0.008159   0.048464  -0.000192  -0.508611  -0.000007   0.000094   0.000093   47.4303     0.7999
    9.250   0.917281   0.042195   0.008324   0.050519  -0.000198  -0.522473  -0.000007   0.000096   0.000095   46.9031     0.8012
    9.500   0.937492   0.044125   0.008491   0.052615  -0.000203  -0.536382  -0.000006   0.000098   0.000098   46.3947     0.8025
    9.750   0.957636   0.046094   0.008662   0.054756  -0.000208  -0.550339  -0.000006   0.000100   0.000100   45.9042     0.8038
   10.000   0.977712   0.048102   0.008838   0.056940  -0.000213  -0.564342  -0.000006   0.000103   0.000102   45.4305     0.8051
   10.250   0.997717   0.050149   0.009022   0.059171  -0.000219  -0.578387  -0.000006   0.000105   0.000104   44.9727     0.8063
   10.500   1.017652   0.052234   0.009214   0.061447  -0.000224  -0.592474  -0.000005   0.000107   0.000106   44.5300     0.8076
   10.750   1.037513   0.054356   0.009406   0.063762  -0.000229  -0.606606  -0.000005   0.000109   0.000108   44.1017     0.8088
   11.000   1.057301   0.056516   0.009597   0.066113  -0.000234  -0.620782  -0.000004   0.000111   0.000110   43.6871     0.8101
   11.250   1.077013   0.058713   0.009792   0.068505  -0.000239  -0.634999  -0.000004   0.000113   0.000112   43.2855     0.8113
   11.500   1.096648   0.060947   0.009985   0.070932  -0.000244  -0.649258  -0.000004   0.000115   0.000114   42.8962     0.8126
   11.750   1.116205   0.063217   0.010179   0.073396  -0.000249  -0.663557  -0.000003   0.000117   0.000116   42.5188     0.8138
   12.000   1.135683   0.065522   0.010367   0.075889  -0.000254  -0.677899  -0.000003   0.000118   0.000118   42.1526     0.8150
   12.250   1.155079   0.067863   0.010557   0.078420  -0.000259  -0.692278  -0.000002   0.000120   0.000120   41.7971     0.8163
   12.500   1.174394   0.070239   0.010755   0.080994  -0.000263  -0.706690  -0.000002   0.000122   0.000121   41.4520     0.8175
   12.750   1.193624   0.072649   0.010954   0.083603  -0.000268  -0.721136  -0.000001   0.000124   0.000123   41.1167     0.8187
   13.000   1.212770   0.075093   0.011145   0.086238  -0.000273  -0.735622  -0.000001   0.000125   0.000125   40.7909     0.8200
   13.250   1.231830   0.077571   0.011337   0.088907  -0.000278  -0.750141  -0.000000   0.000127   0.000126   40.4741     0.8212
   13.500   1.250803   0.080081   0.011532   0.091613  -0.000282  -0.764691   0.000000   0.000129   0.000128   40.1660     0.8225
   13.750   1.269686   0.082625   0.011742   0.094366  -0.000287  -0.779265   0.000001   0.000130   0.000130   39.8662     0.8237
   14.000   1.288480   0.085200   0.011958   0.097158  -0.000291  -0.793867   0.000001   0.000132   0.000131   39.5743     0.8250
   14.250   1.307183   0.087807   0.012174   0.099981  -0.000296  -0.808498   0.000002   0.000133   0.000132   39.2902     0.8263
   14.500   1.325793   0.090446   0.012381   0.102826  -0.000300  -0.823161   0.000003   0.000134   0.000134   39.0135     0.8275
   14.750   1.344310   0.093115   0.012588   0.105703  -0.000304  -0.837851   0.000003   0.000136   0.000135   38.7439     0.8288
   15.000   1.362732   0.095814   0.012799   0.108613  -0.000309  -0.852565   0.000004   0.000137   0.000136   38.4811     0.8301


